func_$_0x100003825,814,True
func_$_0x100003835,-495,True
func_$_0x1000038f3,-504,False
func_$_0x100003ddb,575,False
func_$_0x100003e7c,957,False
func_$_0x100003f7d,983,False
func_$_0x100003fae,-35,False
func_$_0x100003fb6,-206,True
func_$_0x100004163,-725,False
func_$_0x100004167,290,True
func_$_0x10000416c,1045,True
func_$_0x100004170,257,True
func_$_0x10000432e,-286,False
func_$_0x10000433e,-154,True
func_$_0x100004340,93,True
func_$_0x100004449,121,False
func_$_0x100004aa2,378,False
func_$_0x100004e7c,-541,False
func_$_0x100004e8c,-632,False
func_$_0x1000056c8,946,True
func_$_0x1000056ec,467,False
func_$_0x1000056fb,-318,False
func_$_0x1000056ff,-831,True
func_$_0x100005808,577,False
func_$_0x100005b6a,575,False
func_$_0x100005c1d,-430,True
func_$_0x100005e73,790,True
func_$_0x100006310,436,False
func_$_0x10000631c,-307,True
func_$_0x100006338,-506,False
func_$_0x100006450,-113,False
func_$_0x100006452,-141,False
func_$_0x100006456,964,False
func_$_0x100006458,-517,True
func_$_0x100006466,485,True
func_$_0x100006da8,-542,True
func_$_0x100006daa,269,False
func_$_0x100006f05,-369,False
func_$_0x100006ffb,211,True
func_$_0x100007340,70,True
func_$_0x100007344,-77,True
func_$_0x100007582,-125,True
func_$_0x100007594,-749,True
func_$_0x10000767e,-556,True
func_$_0x100007680,45,True
func_$_0x100007682,249,False
func_$_0x100007698,1091,True
func_$_0x100007817,649,False
func_$_0x100007826,51,False
func_$_0x100007bae,-24,True
func_$_0x100007c3a,252,True
func_$_0x100008ae0,189,True
func_$_0x100008af5,520,True
func_$_0x100008b13,-765,True
func_$_0x100008b19,973,True
func_$_0x100008f15,-583,False
func_$_0x100009a63,366,True
func_$_0x100009a80,342,True
func_$_0x100009cc1,-88,True
func_$_0x100009cc7,272,False
func_$_0x100009cd5,-361,False
func_$_0x100009cd7,138,True
func_$_0x100009cdc,-709,True
func_$_0x10000a4a9,212,False
func_$_0x10000a4ab,-547,False
func_$_0x10000a4b1,379,False
func_$_0x10000a4b5,-45,False
func_$_0x10000a4b7,777,False
func_$_0x10000a4b9,-448,True
func_$_0x10000a4bb,728,True
func_$_0x10000a4da,213,True
func_$_0x10000a690,903,True
func_$_0x10000a818,882,False
func_$_0x10000a82b,1138,False
func_$_0x10000a8a9,-467,True
func_$_0x10000a8de,-489,True
func_$_0x10000ab50,-763,True
func_$_0x10000ab64,-626,False
func_$_0x10000aeae,72,False
func_$_0x10000b3e5,-525,True
func_$_0x10000b3e9,746,True
func_$_0x10000b3f0,1016,True
func_$_0x10000b401,-288,True
func_$_0x10000b418,581,True
func_$_0x10000b41c,188,True
func_$_0x10000b672,601,True
func_$_0x10000b71b,-232,True
func_$_0x10000b71f,-164,False
func_$_0x10000b721,160,True
func_$_0x10000b752,757,True
func_$_0x10000c4c2,63,False
func_$_0x10000c510,-402,True
func_$e_0x1000044ff,208,False
func_$e_0x100004501,30,True
func_$e_0x100004507,-475,True
func_$e_0x100005cb7,241,True
func_$e_0x100005cb9,868,False
func_$e_0x100005cdb,862,False
func_$e_0x100005db2,1038,True
func_$e_0x1000060d0,1032,True
func_$e_0x1000061f4,-3,True
func_$e_0x1000069b5,-167,True
func_$e_0x1000069b9,751,True
func_$e_0x1000069bb,482,False
func_$e_0x1000069c1,588,True
func_$e_0x1000069c3,221,False
func_$e_0x1000069c5,-233,True
func_$e_0x1000069cb,271,False
func_$e_0x100006c77,317,False
func_$e_0x100007a76,988,False
func_$e_0x100007ab9,569,True
func_$e_0x100007ac4,480,False
func_$e_0x100008d2a,-723,False
func_$e_0x100008d38,565,False
func_$e_0x100008d5b,926,False
func_$e_0x100008d5d,865,False
func_$e_0x100008d5f,-314,False
func_$e_0x100008d61,-470,True
func_$e_0x100008d6e,-171,False
func_$e_0x100008d76,961,False
func_$e_0x100008d7a,685,True
func_$e_0x100008d7c,693,False
func_$e_0x100008d80,84,False
func_$e_0x100008d82,952,False
func_$e_0x100008d88,-412,False
func_$e_0x100008d90,968,False
func_$e_0x100008d92,-248,True
func_$e_0x100008d94,-163,True
func_$e_0x100008d98,-435,False
func_$e_0x100008d9a,-560,True
func_$e_0x100008da2,1009,True
func_$e_0x100008da6,224,True
func_$e_0x100008dae,-43,True
func_$e_0x1000091e3,233,False
func_$e_0x1000091e7,-501,True
func_$e_0x1000091ec,582,True
func_$e_0x100009c13,-803,True
func_$e_0x10000a290,-313,True
func_$e_0x10000a2fc,1050,True
func_$e_0x10000a307,-584,False
func_$e_0x10000a321,620,False
func_$e_0x10000a323,-722,False
func_$e_0x10000b67c,293,True
func_$e_0x10000b67e,599,False
func_$e_0x10000b682,1000,True
func_$e_0x10000b684,1148,False
func_$e_0x10000b68c,-361,False
func_$e_0x10000b690,630,False
func_$e_0x10000b698,-119,False
func_$e_0x10000b6a0,-849,False
func_$e_0x10000ba55,79,False
func_$e_0x10000bc9f,323,True
func_$e_0x10000bcc5,-627,True
func_$e_0x10000bd0b,261,False
func_$e_0x10000bd0d,-14,True
func_$e_0x10000bd15,935,False
func_$e_0x10000c615,318,True
func_$i_0x10000839d,-770,False
func_$i_0x1000083a8,506,False
func_$n_0x1000046da,-575,True
func_$n_0x100007fba,140,False
func_$n_0x100007fdb,922,True
func_$n_0x10000aa10,605,True
func_$n_0x10000aa18,-87,True
func_$n_0x10000aa1a,-494,True
func_$n_0x10000aa20,-620,True
func_$r_0x10000ae1c,-740,True
func_$r_0x10000ae2e,944,False
func_$t_0x1000059c9,542,False
func_$t_0x1000059cd,1133,False
func_$t_0x1000059d3,-451,False
func_$t_0x1000059d9,757,False
func_$t_0x1000059e1,872,True
func_$t_0x1000059e3,-445,False
func_$t_0x1000059e5,-137,False
func_$t_0x1000059ef,-42,True
func_$t_0x1000059f1,-602,True
func_$t_0x1000059fb,765,True
func_$t_0x1000059fd,404,False
func_$t_0x1000059ff,692,False
func_$t_0x100005a01,-280,False
func_$t_0x100005a05,-177,True
func_$t_0x100005a3f,32,False
func_$t_0x100006675,1044,True
func_$t_0x100006677,373,False
func_$t_0x10000668a,779,False
func_$t_0x1000067aa,-472,True
func_$t_0x10000aa38,263,True
func_$t_0x10000aa3f,-276,False
func_$t_0x10000bc0e,-211,True
func_$u_0x100007fd0,-92,True
func_$u_0x100007fd6,322,False
func_$u_0x10000adc0,1061,False
func_$u_0x10000adc2,137,True
func_$u_0x10000adc6,751,False
func_$u_0x10000adc8,-107,True
func_$u_0x10000adca,371,True
func_$u_0x10000adf0,-24,False
func_$u_0x10000adf2,770,False
func_$u_0x10000adf6,254,False
func_$u_0x10000adfa,-790,False
func_$u_0x10000ae02,-153,False
func_$u_0x10000ae04,617,True
func_A0_0x100003656,-354,True
func_A0_0x100003658,232,True
func_A_0x1000000fe,-319,True
func_A_0x1000002fa,-493,False
func_A_0x10000042c,1131,False
func_A_0x100000448,-46,False
func_A_0x100000548,200,True
func_A_0x100000889,-249,True
func_A_0x100000930,32,False
func_A_0x1000039f2,-540,True
func_A_0x100003a1d,-434,False
func_A_0x100003d25,682,False
func_A_0x100003d27,636,False
func_A_0x100003d3d,905,True
func_A_0x100003d5f,-321,True
func_A_0x1000041a6,389,True
func_A_0x1000041a8,207,True
func_A_0x100004257,-716,True
func_A_0x1000042c1,-277,False
func_A_0x100004596,-495,True
func_A_0x100004598,1048,True
func_A_0x100004aee,-439,True
func_A_0x100004af0,-308,False
func_A_0x100004ba2,-569,True
func_A_0x100004c76,909,False
func_A_0x100004c89,-399,False
func_A_0x100004ccd,335,False
func_A_0x100004cf2,-592,True
func_A_0x100004df7,1006,False
func_A_0x1000055f1,379,True
func_A_0x10000565d,1132,False
func_A_0x100005669,-292,True
func_A_0x1000058d1,1049,False
func_A_0x100005af0,398,False
func_A_0x100005b84,-44,True
func_A_0x100005bc4,-274,True
func_A_0x100005c23,436,False
func_A_0x100005c31,284,False
func_A_0x100005f57,-271,True
func_A_0x100006cf0,608,False
func_A_0x10000733b,76,True
func_A_0x100007370,353,True
func_A_0x10000737b,-224,False
func_A_0x1000073a4,-197,False
func_A_0x100007444,937,True
func_A_0x1000074b8,229,False
func_A_0x100007509,-541,False
func_A_0x10000784a,-462,True
func_A_0x100007927,-364,False
func_A_0x100007cc1,-531,True
func_A_0x100007dc3,-519,True
func_A_0x100007ebd,-332,False
func_A_0x1000084ab,-436,True
func_A_0x100008568,946,True
func_A_0x1000088d4,-563,False
func_A_0x100008916,559,True
func_A_0x100008929,-80,False
func_A_0x10000892e,-156,False
func_A_0x1000089ea,574,True
func_A_0x1000089f6,766,True
func_A_0x100008a01,-320,False
func_A_0x100008a2c,352,False
func_A_0x100008b23,307,True
func_A_0x100008c1e,361,False
func_A_0x100008c6b,-794,True
func_A_0x100008cf6,-692,False
func_A_0x100008e18,-663,True
func_A_0x1000090e1,-675,True
func_A_0x10000915b,732,False
func_A_0x10000917f,773,True
func_A_0x1000094c9,631,True
func_A_0x1000094ce,-120,True
func_A_0x10000950c,509,False
func_A_0x1000096a9,530,False
func_A_0x10000976c,739,False
func_A_0x10000979b,-152,False
func_A_0x100009835,923,True
func_A_0x100009840,-393,False
func_A_0x100009846,781,True
func_A_0x10000984a,-335,True
func_A_0x100009943,-589,False
func_A_0x100009b28,846,True
func_A_0x100009ba4,-605,False
func_A_0x100009e0b,-646,False
func_A_0x100009e21,-147,True
func_A_0x100009e91,-829,False
func_A_0x100009fb0,246,False
func_A_0x10000a239,716,True
func_A_0x10000a259,-364,True
func_A_0x10000a48b,-786,True
func_A_0x10000a492,311,False
func_A_0x10000a752,284,False
func_A_0x10000a754,-818,True
func_A_0x10000acbe,-363,False
func_A_0x10000aebd,131,True
func_A_0x10000aed7,-655,False
func_A_0x10000b54f,159,True
func_A_0x10000b551,-89,False
func_A_0x10000b741,-770,False
func_A_0x10000b7c2,99,False
func_A_0x10000b8a0,1132,True
func_A_0x10000b8b6,-366,True
func_A_0x10000c25b,1141,False
func_A_0x10000c6e6,609,True
func_A_0x10000c6ea,914,True
func_A_0x10000c711,763,True
func_Ae_0x1000001f4,524,True
func_Ae_0x1000001fa,416,False
func_Ae_0x1000001fc,-784,True
func_Ae_0x10000380a,964,True
func_Ae_0x100003836,401,False
func_Ae_0x10000383c,-100,False
func_Ae_0x100003921,-723,True
func_Ae_0x10000392b,-482,False
func_Ae_0x10000392d,807,False
func_Ae_0x100003dc3,1134,False
func_Ae_0x100003dd1,777,False
func_Ae_0x100003dd6,984,False
func_Ae_0x100003ea1,-850,False
func_Ae_0x100003eac,418,False
func_Ae_0x100003f77,-139,False
func_Ae_0x100003fb0,232,False
func_Ae_0x100004171,19,True
func_Ae_0x100004313,603,False
func_Ae_0x100004e80,330,True
func_Ae_0x100004e82,366,False
func_Ae_0x100004e8a,663,True
func_Ae_0x100005b3c,395,False
func_Ae_0x1000062b4,375,True
func_Ae_0x10000633b,1022,False
func_Ae_0x100006378,535,True
func_Ae_0x10000638d,892,False
func_Ae_0x100006dac,895,True
func_Ae_0x100006f01,-673,True
func_Ae_0x100007549,-427,False
func_Ae_0x10000768c,9,False
func_Ae_0x100007c3d,-408,False
func_Ae_0x100008f18,334,False
func_Ae_0x100009c8a,66,True
func_Ae_0x100009c99,-122,False
func_Ae_0x100009cb2,-785,False
func_Ae_0x100009cb8,-579,True
func_Ae_0x10000a4de,831,False
func_Ae_0x10000a8cd,-719,True
func_Ae_0x10000a8ea,-619,True
func_Ae_0x10000a8ec,-313,False
func_Ae_0x10000a8f0,-655,False
func_Ae_0x10000a902,635,False
func_Ae_0x10000aaa8,857,True
func_Ae_0x10000ab54,-183,False
func_Ae_0x10000ab56,-191,False
func_Ae_0x10000ab58,172,False
func_Ae_0x10000ab5a,-700,False
func_Ae_0x10000b2fd,313,False
func_Ae_0x10000b3ec,-181,False
func_Ae_0x10000b4b1,1085,True
func_Ae_0x10000b4b6,628,True
func_Ae_0x10000b4f6,-805,False
func_Ae_0x10000b4f8,-227,True
func_Ae_0x10000b4fa,1044,False
func_Ae_0x10000b4fe,-580,True
func_Ae_0x10000b500,543,True
func_Ae_0x10000b508,303,False
func_Ae_0x10000b51e,-629,False
func_Ae_0x10000b5d4,837,False
func_Ae_0x10000b5dc,765,True
func_Ae_0x10000b674,-221,True
func_Ae_0x10000b78c,1144,True
func_Ae_0x10000c2d5,-609,True
func_Ae_0x10000c3e5,957,False
func_Ae_0x10000c3e7,332,False
func_Ae_0x10000c3eb,-192,True
func_Ae_0x10000c40f,883,True
func_Ae_0x10000c411,421,False
func_Ae_0x10000c413,-846,False
func_Ae_0x10000c415,926,False
func_Ae_0x10000c417,-569,True
func_Ae_0x10000c419,-283,False
func_Ae_0x10000c41b,415,True
func_Ae_0x10000c49b,-514,False
func_Ae_0x10000c4cc,757,False
func_Ai_0x100007fd2,-150,False
func_Ai_0x100007fd8,169,True
func_Ai_0x10000add4,719,False
func_Ai_0x10000add8,1082,True
func_Ai_0x10000adda,-77,True
func_Ai_0x10000ae00,-55,True
func_Ai_0x10000b092,-256,True
func_An_0x1000045af,-360,False
func_An_0x100007fe3,-585,False
func_An_0x100007fe5,432,False
func_An_0x100007ff3,962,True
func_An_0x100007fff,-117,False
func_An_0x100008001,205,True
func_An_0x100008003,213,True
func_An_0x100008005,830,True
func_An_0x10000800d,-467,True
func_An_0x100008013,94,False
func_An_0x10000801d,-422,True
func_An_0x10000801f,879,False
func_An_0x100008021,513,False
func_An_0x100008025,676,True
func_An_0x10000802b,995,False
func_An_0x10000aa02,-525,True
func_An_0x10000aa0c,1121,False
func_An_0x10000aa0e,944,True
func_An_0x10000c232,258,False
func_Ao_0x100004f00,963,True
func_Ao_0x100005528,272,True
func_Ar_0x100004073,874,True
func_Ar_0x10000a50f,1013,False
func_Ar_0x10000a527,226,False
func_Ar_0x10000a529,800,False
func_Ar_0x10000a52b,826,False
func_Ar_0x10000a52f,-116,False
func_Ar_0x10000c126,411,False
func_Ar_0x10000c1e2,912,True
func_Ar_0x10000c23c,-303,True
func_At_0x10000531c,248,True
func_At_0x100005327,-267,True
func_At_0x100005329,994,True
func_At_0x10000532b,1039,True
func_At_0x10000533b,262,False
func_At_0x10000534d,629,True
func_At_0x10000538e,-500,False
func_At_0x100005390,730,True
func_At_0x1000053b1,-47,True
func_At_0x1000053b3,35,True
func_At_0x1000053b5,902,False
func_At_0x1000053bb,-123,True
func_At_0x1000053bd,1092,False
func_At_0x1000053f9,-318,False
func_At_0x1000053fb,-323,False
func_At_0x100005401,161,True
func_At_0x100005411,28,True
func_At_0x100005423,901,False
func_At_0x100005427,1006,False
func_At_0x10000542b,792,True
func_At_0x100005439,667,False
func_At_0x10000544a,-17,False
func_At_0x10000544c,-490,False
func_At_0x10000547b,-387,True
func_At_0x10000549b,702,True
func_At_0x1000054ab,-608,False
func_At_0x1000054f3,-581,False
func_At_0x10000550b,-46,False
func_At_0x10000550d,535,False
func_At_0x10000550f,343,True
func_At_0x10000553c,-751,True
func_At_0x100005556,136,False
func_At_0x100005565,1121,True
func_At_0x10000558d,90,True
func_At_0x1000055ad,-537,True
func_Au_0x1000035c8,-796,True
func_Au_0x1000035ce,-250,False
func_Au_0x1000035d0,-228,True
func_Au_0x10000ad3a,828,True
func_Au_0x10000b095,-434,False
func_Au_0x10000b0b7,-557,True
func_Au_0x10000b112,1041,True
func_Au_0x10000b120,-797,True
func_B_0x100000123,681,False
func_B_0x10000021c,-260,True
func_B_0x100000288,-452,False
func_B_0x10000030d,100,False
func_B_0x10000397d,-533,True
func_B_0x1000039e8,1042,True
func_B_0x1000039f5,-839,True
func_B_0x100003b98,728,False
func_B_0x100003d8f,581,True
func_B_0x100003d91,289,False
func_B_0x100003d93,309,True
func_B_0x100003e22,-85,True
func_B_0x100003e2a,783,False
func_B_0x1000040e4,69,False
func_B_0x1000043d5,275,False
func_B_0x10000457f,373,True
func_B_0x100004bce,510,False
func_B_0x100004c0f,783,False
func_B_0x100004c59,1031,False
func_B_0x100004c5b,11,False
func_B_0x100004c61,496,True
func_B_0x100004c67,96,True
func_B_0x100004d0e,882,False
func_B_0x1000051d3,171,True
func_B_0x10000590a,305,True
func_B_0x100005bd8,747,False
func_B_0x100005f73,744,False
func_B_0x100006578,379,True
func_B_0x10000657a,1112,True
func_B_0x10000657c,453,False
func_B_0x100006580,-278,False
func_B_0x100006582,250,False
func_B_0x100006a12,-720,False
func_B_0x100006a14,-803,False
func_B_0x100006aae,-543,False
func_B_0x100006ab2,-537,True
func_B_0x100006ab4,-78,True
func_B_0x100006f4a,663,False
func_B_0x100007480,596,False
func_B_0x100007528,729,True
func_B_0x10000790c,973,True
func_B_0x100007943,-507,True
func_B_0x100007955,58,True
func_B_0x100007a47,397,True
func_B_0x100007d13,536,False
func_B_0x100007d17,357,False
func_B_0x100007d1b,-292,True
func_B_0x100007d67,968,False
func_B_0x1000084eb,-290,False
func_B_0x100008940,1107,False
func_B_0x100008955,1008,True
func_B_0x100008957,1013,False
func_B_0x100009024,324,True
func_B_0x100009026,1055,False
func_B_0x10000902f,-82,False
func_B_0x100009053,128,False
func_B_0x100009055,0,False
func_B_0x100009057,616,True
func_B_0x100009084,-812,False
func_B_0x100009086,1004,True
func_B_0x100009091,503,False
func_B_0x1000090a1,-366,False
func_B_0x100009449,-819,False
func_B_0x10000949a,-628,False
func_B_0x10000949e,-79,True
func_B_0x1000094ab,1134,True
func_B_0x1000094af,564,False
func_B_0x100009536,-643,False
func_B_0x10000953c,572,False
func_B_0x10000953e,889,True
func_B_0x1000095ea,301,True
func_B_0x100009625,206,False
func_B_0x1000098d5,979,True
func_B_0x1000098d9,393,False
func_B_0x1000098db,987,False
func_B_0x100009997,811,True
func_B_0x100009a12,-82,False
func_B_0x100009ab8,-786,False
func_B_0x100009e1c,591,True
func_B_0x100009e2d,-134,True
func_B_0x100009f37,-618,True
func_B_0x100009f39,-492,True
func_B_0x10000a1fc,-242,False
func_B_0x10000a872,443,False
func_B_0x10000af16,1053,True
func_B_0x10000b5fd,50,True
func_B_0x10000b5ff,-316,False
func_B_0x10000b605,138,True
func_B_0x10000b7c6,-817,True
func_B_0x10000bb1b,-475,True
func_B_0x10000bf41,-846,True
func_B_0x10000c263,-231,True
func_B_0x10000c590,192,True
func_B_0x10000c6f0,673,True
func_B_0x10000c6f2,-542,False
func_B_0x10000c6f7,77,True
func_B_0x10000c6f9,519,False
func_Be_0x10000079b,64,True
func_Be_0x10000079f,1024,False
func_Be_0x1000007ad,-719,False
func_Be_0x1000007af,-845,True
func_Be_0x1000007b3,-521,True
func_Be_0x1000007b5,857,True
func_Be_0x1000007bf,-21,True
func_Be_0x1000033cb,212,True
func_Be_0x1000033cf,849,False
func_Be_0x1000033d1,676,True
func_Be_0x1000033d5,921,False
func_Be_0x1000033df,934,False
func_Be_0x1000033e3,173,True
func_Be_0x1000033f0,227,True
func_Be_0x1000033f4,103,True
func_Be_0x100003400,748,True
func_Be_0x100003407,-2,False
func_Be_0x10000340b,512,False
func_Be_0x10000340d,-794,False
func_Be_0x1000034fa,-183,True
func_Be_0x1000034fc,4,True
func_Be_0x1000034fe,338,True
func_Be_0x100003502,220,True
func_Be_0x100003504,27,True
func_Be_0x100003506,301,True
func_Be_0x100003514,-699,False
func_Be_0x100003516,-472,False
func_Be_0x100003518,-545,False
func_Be_0x10000351e,546,True
func_Be_0x100003526,-542,False
func_Be_0x1000035f8,310,False
func_Be_0x100004030,34,False
func_Be_0x100006735,481,True
func_Be_0x1000067ed,-471,True
func_Be_0x1000067f1,520,False
func_Be_0x1000070dd,318,True
func_Be_0x10000b943,-700,True
func_Be_0x10000b9dc,261,True
func_Be_0x10000bc1c,905,True
func_Be_0x10000c1c7,513,False
func_Be_0x10000c20e,-108,True
func_Bi_0x10000866b,-365,True
func_Bi_0x1000087cd,-431,True
func_Bi_0x1000087d1,143,False
func_Bi_0x100008809,552,True
func_Bi_0x10000880b,208,False
func_Bi_0x100008812,74,True
func_Bi_0x100008883,-254,False
func_Bn_0x100006db4,448,False
func_Bn_0x100007fcb,261,True
func_Bn_0x1000083ca,-542,False
func_Bn_0x1000083ce,284,False
func_Bn_0x1000083dc,49,True
func_Bn_0x1000083fa,648,True
func_Bn_0x1000083fc,847,False
func_Bn_0x100008400,-434,False
func_Bn_0x100008408,821,False
func_Bn_0x10000840c,584,False
func_Bn_0x100008410,298,False
func_Bn_0x100008412,-207,True
func_Bn_0x100008414,-552,True
func_Bn_0x100008422,-120,False
func_Bn_0x100008424,954,False
func_Bn_0x100008428,1037,True
func_Bo_0x10000845a,143,True
func_Br_0x100005339,373,False
func_Br_0x10000536b,953,True
func_Br_0x10000536d,-86,False
func_Br_0x10000536f,734,True
func_Br_0x100005371,587,False
func_Br_0x10000537e,-595,True
func_Br_0x100005387,375,True
func_Br_0x100005389,-120,False
func_Br_0x1000054f6,569,True
func_Br_0x1000054f8,-85,True
func_Br_0x10000553f,1146,False
func_Br_0x10000555b,-532,True
func_Br_0x10000556a,-506,False
func_Br_0x10000559b,433,True
func_Bt_0x1000052fd,-123,True
func_Bt_0x100005306,100,False
func_Bt_0x100005312,-261,False
func_Bt_0x100005314,664,True
func_Bt_0x100005325,-416,False
func_Bt_0x100005333,16,True
func_Bt_0x100005341,870,False
func_Bt_0x100005343,-653,True
func_Bt_0x100005347,683,True
func_Bt_0x10000534b,300,True
func_Bt_0x100005367,-476,False
func_Bt_0x100005369,1128,False
func_Bt_0x100005373,846,False
func_Bt_0x100005377,-570,False
func_Bt_0x100005379,1008,False
func_Bt_0x100005383,316,False
func_Bt_0x100005385,729,False
func_Bt_0x10000538b,-610,False
func_Bt_0x1000053c5,460,True
func_Bt_0x1000053c7,-29,True
func_Bt_0x1000053ca,-741,True
func_Bt_0x1000053cd,-92,False
func_Bt_0x1000053d0,182,True
func_Bt_0x1000053d3,735,True
func_Bt_0x1000053dc,-761,False
func_Bt_0x1000053e2,-25,True
func_Bt_0x1000053e5,-575,True
func_Bt_0x1000053e8,-819,False
func_Bt_0x10000543f,1113,True
func_Bt_0x100005442,-336,False
func_Bt_0x10000545c,606,True
func_Bt_0x10000545f,-210,False
func_Bt_0x100005461,-54,False
func_Bt_0x100005464,-444,True
func_Bt_0x100005466,921,True
func_Bt_0x10000546a,1115,True
func_Bt_0x100005484,1093,False
func_Bt_0x10000548b,-647,True
func_Bt_0x100005491,-828,False
func_Bt_0x1000054b7,-665,False
func_Bt_0x1000054c7,1014,True
func_Bt_0x1000054d2,76,False
func_Bt_0x1000054e4,134,True
func_Bt_0x1000054eb,401,False
func_Bt_0x1000054f1,-846,False
func_Bt_0x100005532,455,True
func_Bt_0x100005545,-479,True
func_Bt_0x100005547,64,True
func_Bt_0x10000554a,-497,False
func_Bt_0x100005552,334,False
func_Bt_0x10000555f,979,False
func_Bt_0x100005563,1078,True
func_Bt_0x10000556c,-652,False
func_Bt_0x100005583,962,False
func_Bt_0x100005587,655,True
func_Bt_0x100005589,587,False
func_Bt_0x10000558f,34,True
func_Bt_0x1000055a0,865,True
func_Bt_0x1000055a6,371,True
func_Bt_0x1000055b4,-552,False
func_Bu_0x100007fb4,267,False
func_Bu_0x100007fbe,172,False
func_Bu_0x100007fdf,-403,True
func_Bu_0x10000802d,-46,False
func_Bu_0x10000802f,928,False
func_Bu_0x10000b704,159,True
func_Bu_0x10000c22e,521,True
func_C_0x1000002e7,-380,False
func_C_0x1000002e9,327,True
func_C_0x1000002eb,-45,True
func_C_0x1000002ef,97,True
func_C_0x1000002f1,-36,True
func_C_0x1000002f3,-215,False
func_C_0x10000042d,1111,True
func_C_0x1000005ae,-92,False
func_C_0x1000008a4,233,True
func_C_0x100003a47,1058,True
func_C_0x100003b47,1046,True
func_C_0x100003b5b,953,False
func_C_0x100003bc1,511,False
func_C_0x100003c31,-717,False
func_C_0x100003c46,428,True
func_C_0x100003e45,-98,True
func_C_0x100004196,151,False
func_C_0x100004199,-461,True
func_C_0x10000419c,118,False
func_C_0x10000419e,-829,False
func_C_0x100004290,208,True
func_C_0x1000042b0,-338,True
func_C_0x100004a63,-770,True
func_C_0x100004bea,1062,True
func_C_0x100004c73,515,True
func_C_0x100004c7b,-300,False
func_C_0x100004dfc,-76,False
func_C_0x100005624,902,True
func_C_0x100005628,199,False
func_C_0x100005630,-309,True
func_C_0x100005686,-420,True
func_C_0x10000568c,-366,True
func_C_0x1000056b1,-184,True
func_C_0x100005f33,912,True
func_C_0x100005fc2,508,False
func_C_0x10000602a,334,False
func_C_0x100006a77,-105,True
func_C_0x100006c4e,632,False
func_C_0x100007928,-839,True
func_C_0x100007b96,313,True
func_C_0x100007bdc,-504,False
func_C_0x100007c5b,-795,True
func_C_0x100007d55,903,True
func_C_0x100007dc0,1099,True
func_C_0x100007ebe,264,False
func_C_0x100007ec0,320,False
func_C_0x100007fa4,506,False
func_C_0x10000819b,2,False
func_C_0x1000081f4,-477,True
func_C_0x1000089ad,-614,False
func_C_0x1000089d7,591,True
func_C_0x100008a39,-48,True
func_C_0x100008ab2,-33,False
func_C_0x100008ab4,104,False
func_C_0x100008b47,921,True
func_C_0x100008ca6,-780,True
func_C_0x100008e27,840,True
func_C_0x1000090e9,1046,False
func_C_0x100009162,422,False
func_C_0x10000924a,-204,False
func_C_0x100009274,250,False
func_C_0x1000092a4,454,False
func_C_0x1000092a6,-795,True
func_C_0x100009425,1097,True
func_C_0x100009561,714,False
func_C_0x10000958f,-457,False
func_C_0x1000098b6,898,True
func_C_0x1000098ba,-413,True
func_C_0x1000098be,-811,False
func_C_0x100009a16,-421,False
func_C_0x100009a30,-702,False
func_C_0x100009a9c,633,False
func_C_0x100009daf,-81,True
func_C_0x100009db3,964,False
func_C_0x100009dc9,-375,False
func_C_0x100009dcd,15,True
func_C_0x100009dfb,-668,False
func_C_0x100009e71,392,False
func_C_0x100009ebf,442,False
func_C_0x100009ec1,253,False
func_C_0x100009ec7,142,False
func_C_0x10000a038,1133,False
func_C_0x10000a05e,782,False
func_C_0x10000a0c0,385,False
func_C_0x10000a0c2,-492,True
func_C_0x10000a0c4,46,False
func_C_0x10000a115,-846,False
func_C_0x10000a170,-36,True
func_C_0x10000a3b6,495,False
func_C_0x10000a3b8,426,True
func_C_0x10000a450,1013,False
func_C_0x10000a452,689,True
func_C_0x10000a65b,-296,True
func_C_0x10000b23d,-797,True
func_C_0x10000b242,145,False
func_C_0x10000b4aa,500,False
func_C_0x10000b72b,-428,False
func_C_0x10000b72d,1148,True
func_C_0x10000ba07,447,False
func_C_0x10000bafc,725,False
func_C_0x10000bd56,1131,False
func_C_0x10000bd58,-387,False
func_C_0x10000bf4f,-511,False
func_C_0x10000c261,1003,False
func_C_0x10000c4a1,-508,True
func_C_0x10000c4fd,203,True
func_Ce_0x1000044c7,-21,False
func_Ce_0x1000044f1,-845,False
func_Ce_0x1000057d6,-751,True
func_Ce_0x100005cab,-751,True
func_Ce_0x100005cf9,644,False
func_Ce_0x100006104,1070,False
func_Ce_0x10000617a,1101,True
func_Ce_0x100006185,-244,False
func_Ce_0x1000069f6,731,True
func_Ce_0x100006ada,-215,True
func_Ce_0x100006b32,374,True
func_Ce_0x100006c8c,-401,True
func_Ce_0x100006c90,847,True
func_Ce_0x100006c96,484,True
func_Ce_0x100006cc8,-539,True
func_Ce_0x100006cdc,155,False
func_Ce_0x10000808b,-226,True
func_Ce_0x1000097e5,-501,False
func_Ce_0x1000097e7,-111,True
func_Ce_0x1000097fb,-603,False
func_Ce_0x100009c10,264,True
func_Ce_0x100009c41,-393,False
func_Ce_0x100009d2e,679,False
func_Ce_0x100009d30,-205,True
func_Ce_0x100009d3a,-199,False
func_Ce_0x100009d42,-84,False
func_Ce_0x100009d4c,-812,False
func_Ce_0x100009d4e,-605,True
func_Ce_0x100009d50,1011,True
func_Ce_0x100009d54,591,False
func_Ce_0x100009d5a,-151,False
func_Ce_0x100009d5e,364,True
func_Ce_0x10000a1a6,1086,False
func_Ce_0x10000a6cc,-789,True
func_Ce_0x10000a6d8,-691,False
func_Ce_0x10000b79d,829,True
func_Ce_0x10000b839,312,False
func_Ce_0x10000b83f,1118,True
func_Ce_0x10000b841,-12,False
func_Ce_0x10000b847,885,False
func_Ce_0x10000b849,12,False
func_Ce_0x10000b853,-354,True
func_Ce_0x10000b85b,1045,False
func_Ce_0x10000b86b,-846,False
func_Ce_0x10000ba26,-713,True
func_Ce_0x10000ba2a,-802,True
func_Ce_0x10000ba2c,-470,False
func_Ce_0x10000ba32,-215,False
func_Ce_0x10000ba38,-558,True
func_Ce_0x10000be06,-735,True
func_Ce_0x10000c2bc,264,True
func_Ce_0x10000c2be,-93,True
func_Ce_0x10000c2e0,520,False
func_Ce_0x10000c343,-610,False
func_Ce_0x10000c492,102,True
func_Ce_0x10000c494,757,False
func_Ce_0x10000c62f,236,True
func_Ce_0x10000c633,-31,True
func_Ci_0x100008586,997,True
func_Ci_0x100008588,-705,True
func_Ci_0x10000858c,-23,False
func_Ci_0x100008590,884,True
func_Ci_0x100008828,307,True
func_Ci_0x10000882b,-763,False
func_Ci_0x10000887d,960,False
func_Ci_0x100008881,-807,False
func_Ci_0x100008885,158,False
func_Cn_0x10000ae0e,200,True
func_Cn_0x10000ae10,718,True
func_Cn_0x10000ae18,-640,True
func_Cn_0x10000ae1e,727,False
func_Cn_0x10000ae28,-254,True
func_Cn_0x10000ae3a,551,False
func_Cr_0x1000007a7,-405,True
func_Cr_0x100005a27,-20,True
func_Cr_0x100005a31,414,True
func_Cr_0x100005a33,335,True
func_Cr_0x100005a35,-701,False
func_Cr_0x100005a39,1037,True
func_Cr_0x100005a3d,1052,False
func_Cr_0x100005a43,846,True
func_Cr_0x100005a45,306,False
func_Cr_0x100005a4d,241,False
func_Cr_0x100005a57,1119,False
func_Cr_0x100005a59,893,False
func_Cr_0x100005a5d,1069,True
func_Cr_0x100005a61,230,True
func_Cr_0x100005a65,1105,False
func_Cr_0x100005a67,336,True
func_Cr_0x100005a69,1073,True
func_Cr_0x10000677f,771,True
func_Cr_0x1000067a1,-369,False
func_Cr_0x10000a964,839,False
func_Cr_0x10000a968,1087,False
func_Cr_0x10000b984,-282,True
func_Cr_0x10000b995,-591,True
func_Cr_0x10000b9ab,-811,True
func_Cr_0x10000bc1a,410,True
func_Cr_0x10000bc20,-247,False
func_Ct_0x1000043d7,145,False
func_Ct_0x1000043e7,-29,False
func_Ct_0x1000043e9,-808,False
func_Ct_0x100005d6f,1073,False
func_Ct_0x1000069d3,-553,False
func_Ct_0x10000728d,768,False
func_Ct_0x10000729b,1052,True
func_Ct_0x1000072ee,190,True
func_Ct_0x100007314,-219,False
func_Ct_0x100007327,16,True
func_Ct_0x10000732f,-597,False
func_Ct_0x100007331,214,False
func_Ct_0x100007a81,887,False
func_Ct_0x100007a88,-200,True
func_Ct_0x100007ac7,34,False
func_Ct_0x100008d4e,-494,False
func_Ct_0x100008d52,311,True
func_Ct_0x100008fab,808,True
func_Ct_0x100008fbb,-464,False
func_Ct_0x100008fc9,330,False
func_Ct_0x100008fdb,-667,True
func_Ct_0x100008fec,167,False
func_Ct_0x100009385,-22,True
func_Ct_0x1000093d9,-39,True
func_Ct_0x1000093e4,-785,False
func_Ct_0x100009d75,838,True
func_Ct_0x100009d7f,-105,True
func_Ct_0x10000a75e,-12,True
func_Ct_0x10000a798,-431,True
func_Ct_0x10000a7ee,530,False
func_Ct_0x10000bcaa,-686,False
func_Ct_0x10000be6e,-810,True
func_Ct_0x10000be70,801,True
func_Ct_0x10000be7a,64,False
func_Ct_0x10000be7c,167,False
func_Ct_0x10000be8a,-534,False
func_Ct_0x10000be8e,1058,False
func_Ct_0x10000be95,595,True
func_Cu_0x1000036f3,843,True
func_Cu_0x1000067cb,806,True
func_Cu_0x10000b706,-256,True
func_Cu_0x10000c22b,-804,True
func_DA_0x100008836,434,True
func_DA_0x100008838,58,True
func_D_0x100000107,37,True
func_D_0x100000129,1067,False
func_D_0x100000148,524,True
func_D_0x1000037b8,872,True
func_D_0x100003940,-786,True
func_D_0x100003a17,806,False
func_D_0x100003aff,1092,False
func_D_0x100003b55,288,False
func_D_0x100003b60,369,True
func_D_0x100003b62,225,True
func_D_0x100003b6a,936,False
func_D_0x100003b6e,975,True
func_D_0x100003b9a,418,True
func_D_0x100003b9f,682,True
func_D_0x100003e3e,1067,True
func_D_0x100003ffe,266,False
func_D_0x1000041b6,15,False
func_D_0x100004230,-157,True
func_D_0x100004232,-382,False
func_D_0x100004267,-106,True
func_D_0x100004b5d,348,True
func_D_0x100004b6e,1091,True
func_D_0x100004b87,-351,True
func_D_0x1000051cf,-400,True
func_D_0x1000058ff,357,True
func_D_0x100005906,-389,False
func_D_0x100005937,644,True
func_D_0x100005ba0,1003,False
func_D_0x100005ee8,849,True
func_D_0x100005fa3,1061,False
func_D_0x100006042,534,False
func_D_0x100006867,-589,True
func_D_0x1000068a7,268,False
func_D_0x1000068a9,539,False
func_D_0x1000068ab,-727,True
func_D_0x1000068ad,946,False
func_D_0x100006c5c,455,True
func_D_0x100007061,188,True
func_D_0x10000742e,-265,False
func_D_0x100007c6f,-244,False
func_D_0x100007d4a,791,True
func_D_0x100007d4e,798,True
func_D_0x100007d71,63,False
func_D_0x100007dc5,311,False
func_D_0x100007ddf,485,True
func_D_0x100007e27,439,False
func_D_0x1000081a7,-172,True
func_D_0x1000084d3,-443,False
func_D_0x1000084dd,-344,True
func_D_0x10000893b,-312,True
func_D_0x10000895a,130,False
func_D_0x100008aa6,-808,True
func_D_0x100008b33,1037,False
func_D_0x100008b35,-79,True
func_D_0x100008b3e,853,False
func_D_0x100008bed,-231,False
func_D_0x100008bef,350,True
func_D_0x100008c0d,-108,True
func_D_0x100008c1f,4,False
func_D_0x100009034,716,False
func_D_0x10000907e,904,True
func_D_0x100009082,-773,True
func_D_0x1000090ca,-233,False
func_D_0x1000090cc,-576,True
func_D_0x100009154,194,False
func_D_0x100009235,1036,False
func_D_0x1000094a9,416,True
func_D_0x10000953a,1072,False
func_D_0x1000095ef,711,True
func_D_0x100009638,-634,False
func_D_0x10000963c,744,True
func_D_0x100009651,-200,False
func_D_0x100009a3c,-133,False
func_D_0x100009a3e,554,False
func_D_0x100009a44,352,False
func_D_0x100009bd0,-251,True
func_D_0x100009bd2,-460,True
func_D_0x100009bd4,-555,False
func_D_0x100009cf8,912,True
func_D_0x100009e16,90,True
func_D_0x100009e30,235,False
func_D_0x100009f35,-452,True
func_D_0x10000a00f,799,True
func_D_0x10000a1e7,707,False
func_D_0x10000a1ee,-555,True
func_D_0x10000a714,-383,False
func_D_0x10000a73c,235,True
func_D_0x10000a740,354,True
func_D_0x10000b169,927,False
func_D_0x10000b370,788,True
func_D_0x10000b389,-525,True
func_D_0x10000b5b7,1132,True
func_D_0x10000b5b9,734,True
func_D_0x10000b5f6,-599,True
func_D_0x10000b7f2,834,False
func_D_0x10000b819,1008,False
func_D_0x10000bb20,-776,True
func_D_0x10000bb22,575,True
func_D_0x10000be3c,282,False
func_D_0x10000be3e,-106,False
func_D_0x10000be44,343,True
func_D_0x10000c6fd,-198,True
func_D_0x10000c6ff,-146,False
func_De_0x1000057bc,38,True
func_De_0x100005e5a,-402,True
func_De_0x100005e63,336,True
func_De_0x100006249,423,True
func_De_0x100006258,-133,False
func_De_0x100006262,-777,True
func_De_0x100006264,471,False
func_De_0x10000626a,-372,True
func_De_0x10000626e,1047,False
func_De_0x100006270,700,True
func_De_0x100006272,564,False
func_De_0x100006274,-50,False
func_De_0x100006277,967,False
func_De_0x100006ad6,50,True
func_De_0x10000786a,437,False
func_De_0x100007886,864,False
func_De_0x1000079fe,249,False
func_De_0x100009184,-136,False
func_De_0x100009815,-719,False
func_De_0x100009d60,-224,False
func_De_0x10000b861,-418,False
func_De_0x10000bdb9,881,True
func_De_0x10000c2ce,349,False
func_De_0x10000c34a,127,False
func_De_0x10000c34c,473,True
func_De_0x10000c354,804,False
func_De_0x10000c60a,767,True
func_De_0x10000c62b,-427,True
func_Dn_0x1000035cc,-721,False
func_Dn_0x10000ae50,1074,True
func_Dn_0x10000ae53,782,True
func_Dn_0x10000ae63,155,True
func_Dn_0x10000b0bc,545,False
func_Dn_0x10000b0c6,941,True
func_Dn_0x10000b100,-753,True
func_Dn_0x10000b102,508,True
func_Dn_0x10000b116,529,False
func_Dn_0x10000b11e,-367,False
func_Dn_0x10000b124,-607,True
func_Dr_0x100006e0c,-43,False
func_Dr_0x100006e12,-619,False
func_Dr_0x100006e16,-462,False
func_Dr_0x100006e18,-816,True
func_Dr_0x100006e1e,-499,False
func_Dr_0x100006e33,-336,True
func_Dr_0x100006e44,-327,False
func_Dr_0x100006e4e,-317,False
func_Dr_0x100006e59,711,False
func_Dr_0x100006e72,377,False
func_Dr_0x100006e78,-154,False
func_Dr_0x100006e80,-767,True
func_Dr_0x100006e8c,-714,False
func_Dr_0x100006e9b,387,True
func_Dr_0x100006ed2,767,True
func_Dr_0x100006ee4,347,False
func_Dt_0x10000503a,-413,True
func_Dt_0x100005047,-336,True
func_Dt_0x10000504f,335,True
func_Dt_0x10000508b,99,False
func_Dt_0x100005091,-459,False
func_Dt_0x100005093,882,True
func_Dt_0x10000509b,-652,True
func_Dt_0x1000050a3,-58,False
func_Dt_0x1000050a9,183,True
func_Dt_0x1000050ab,-278,True
func_Dt_0x1000050b3,417,True
func_Dt_0x1000050b9,-397,False
func_Dt_0x1000050bd,630,False
func_Dt_0x1000050c1,-835,True
func_Dt_0x1000050d1,-104,False
func_Dt_0x1000050db,-96,True
func_Dt_0x1000050dd,-796,False
func_Dt_0x1000050e9,965,False
func_Dt_0x1000050f5,-138,False
func_Dt_0x1000050ff,873,False
func_Dt_0x100005101,147,False
func_Dt_0x10000511f,-830,True
func_Dt_0x100005121,885,True
func_Dt_0x100005160,1087,False
func_Dt_0x10000516e,144,True
func_Dt_0x100005517,1081,True
func_Dt_0x10000551a,426,True
func_Dt_0x100005521,628,False
func_Dt_0x100005523,-532,False
func_Dt_0x10000552d,153,True
func_Du_0x100003654,-789,True
func_Du_0x10000365d,1107,True
func_E_0x100000092,-131,False
func_E_0x100000115,930,True
func_E_0x1000001a9,851,True
func_E_0x1000001b3,1025,False
func_E_0x10000049c,807,False
func_E_0x100000942,405,False
func_E_0x1000037b5,360,True
func_E_0x1000037d7,57,True
func_E_0x100003801,-841,True
func_E_0x1000039c1,380,True
func_E_0x100003a49,803,True
func_E_0x100003a9d,574,False
func_E_0x100003a9f,34,False
func_E_0x100003aef,-48,True
func_E_0x100003c28,38,True
func_E_0x100003d02,-106,False
func_E_0x100003d11,-330,True
func_E_0x100003d15,-701,True
func_E_0x100003d19,-756,False
func_E_0x100003d4c,-274,True
func_E_0x100003e18,454,False
func_E_0x100003e49,-206,False
func_E_0x100004180,534,True
func_E_0x1000041b3,319,False
func_E_0x100004222,1022,False
func_E_0x1000042be,322,False
func_E_0x100004a65,163,True
func_E_0x100004bac,-472,False
func_E_0x100004bc7,908,False
func_E_0x100004c58,-146,True
func_E_0x100004c6a,-23,True
func_E_0x100004c6f,809,True
func_E_0x100004c79,80,False
func_E_0x100004c8d,46,False
func_E_0x100004ce4,-335,True
func_E_0x100004ce7,701,True
func_E_0x100004d08,712,False
func_E_0x100004df3,138,False
func_E_0x1000051af,628,True
func_E_0x10000568a,-557,True
func_E_0x1000056a1,876,False
func_E_0x100005acc,-304,True
func_E_0x100005f4b,525,True
func_E_0x10000606a,788,False
func_E_0x10000644c,-391,False
func_E_0x1000065a0,849,True
func_E_0x100006a2f,-78,True
func_E_0x100006a3d,901,True
func_E_0x100006f90,159,True
func_E_0x10000708b,852,True
func_E_0x1000073a1,91,True
func_E_0x1000074c1,99,False
func_E_0x1000076e1,17,True
func_E_0x10000770b,1146,False
func_E_0x1000077df,165,False
func_E_0x1000078c7,95,False
func_E_0x1000078ee,-111,False
func_E_0x1000078f3,579,False
func_E_0x100007934,-810,True
func_E_0x100007bfd,101,True
func_E_0x100007c5f,657,False
func_E_0x100007ce1,433,False
func_E_0x100007ce4,1043,False
func_E_0x100007d70,-556,True
func_E_0x100007dc8,-2,False
func_E_0x100007e15,46,False
func_E_0x100007e6a,726,False
func_E_0x100007e77,94,False
func_E_0x100007e79,901,True
func_E_0x100007ec2,658,True
func_E_0x10000819e,731,True
func_E_0x1000084be,417,True
func_E_0x1000088de,683,True
func_E_0x1000088e1,380,False
func_E_0x1000088e6,714,False
func_E_0x100008a7c,770,True
func_E_0x100008a90,131,True
func_E_0x100008b4b,-611,True
func_E_0x100008be8,764,False
func_E_0x100008c33,-472,False
func_E_0x100008c61,865,True
func_E_0x100008ca1,867,True
func_E_0x100008cee,-101,False
func_E_0x100008e1f,-253,False
func_E_0x100008e23,512,False
func_E_0x100008e25,-235,True
func_E_0x100009020,-461,True
func_E_0x100009041,-513,True
func_E_0x1000090eb,948,True
func_E_0x1000090ed,835,False
func_E_0x1000090ef,-754,False
func_E_0x1000092a9,611,False
func_E_0x10000941c,-318,False
func_E_0x10000942c,-794,True
func_E_0x100009565,590,True
func_E_0x100009795,599,True
func_E_0x10000995b,-59,False
func_E_0x1000099b3,805,True
func_E_0x100009a1f,717,False
func_E_0x100009a27,1131,False
func_E_0x100009b97,618,True
func_E_0x100009ce7,313,False
func_E_0x100009ddb,809,True
func_E_0x100009e3e,789,False
func_E_0x100009e50,386,False
func_E_0x100009e5e,696,True
func_E_0x100009e78,-255,False
func_E_0x100009e7b,244,True
func_E_0x100009e8d,-304,True
func_E_0x100009ea2,470,True
func_E_0x100009eab,-695,True
func_E_0x100009ead,216,False
func_E_0x100009ec3,-719,True
func_E_0x100009ed3,532,False
func_E_0x100009eee,-794,True
func_E_0x100009eff,529,True
func_E_0x100009f01,114,False
func_E_0x100009f1c,-659,False
func_E_0x100009f1e,-789,True
func_E_0x100009f55,315,True
func_E_0x100009f57,854,False
func_E_0x100009f5e,712,True
func_E_0x100009f60,-104,True
func_E_0x100009f69,261,True
func_E_0x100009f6b,398,True
func_E_0x100009f75,-266,True
func_E_0x100009f7c,745,False
func_E_0x100009f7e,776,True
func_E_0x100009f87,753,False
func_E_0x100009f8e,178,True
func_E_0x100009f90,445,False
func_E_0x100009fa1,658,False
func_E_0x100009fa9,281,False
func_E_0x100009fab,-480,False
func_E_0x100009fad,1029,True
func_E_0x100009fd9,1016,True
func_E_0x100009fe5,639,True
func_E_0x100009fe8,-341,False
func_E_0x100009fff,760,True
func_E_0x10000a001,-224,True
func_E_0x10000a042,-441,True
func_E_0x10000a04c,-830,True
func_E_0x10000a055,-129,False
func_E_0x10000a060,120,False
func_E_0x10000a0c6,-184,False
func_E_0x10000a0f7,568,True
func_E_0x10000a113,-349,True
func_E_0x10000a261,173,True
func_E_0x10000a368,-653,True
func_E_0x10000a36a,-127,True
func_E_0x10000a371,-316,False
func_E_0x10000a399,793,False
func_E_0x10000a65f,-461,True
func_E_0x10000a6fe,626,False
func_E_0x10000abea,906,True
func_E_0x10000aec3,774,True
func_E_0x10000b23b,-190,True
func_E_0x10000b246,-687,True
func_E_0x10000b270,-720,True
func_E_0x10000b272,-785,True
func_E_0x10000b355,807,True
func_E_0x10000b4a2,14,False
func_E_0x10000b746,448,False
func_E_0x10000b80c,-810,True
func_E_0x10000b8c4,-84,False
func_E_0x10000bb08,1133,True
func_E_0x10000bb0a,586,True
func_E_0x10000c25f,-64,True
func_E_0x10000c6ee,-175,True
func_Ee_0x10000386a,-223,True
func_Ee_0x10000386c,80,True
func_Ee_0x10000386e,321,True
func_Ee_0x100003878,1112,False
func_Ee_0x10000387a,1031,False
func_Ee_0x10000387c,554,True
func_Ee_0x100003882,-291,False
func_Ee_0x100003884,137,False
func_Ee_0x100003886,686,True
func_Ee_0x100003888,589,False
func_Ee_0x10000388a,601,True
func_Ee_0x10000388e,-188,True
func_Ee_0x100003892,709,True
func_Ee_0x100003894,-781,False
func_Ee_0x100003896,125,False
func_Ee_0x100003898,300,False
func_Ee_0x1000038a0,-407,False
func_Ee_0x1000038a2,568,False
func_Ee_0x1000038a4,315,True
func_Ee_0x1000038a6,-220,True
func_Ee_0x1000038a8,220,True
func_Ee_0x1000038aa,-831,False
func_Ee_0x1000038ae,-65,False
func_Ee_0x1000038b0,879,False
func_Ee_0x1000038b2,-277,True
func_Ee_0x1000038b8,-299,True
func_Ee_0x1000038ba,977,False
func_Ee_0x1000038be,675,True
func_Ee_0x10000448f,-438,False
func_Ee_0x1000044d7,790,False
func_Ee_0x100005870,-332,True
func_Ee_0x100005c44,350,True
func_Ee_0x100005c4e,354,False
func_Ee_0x100005c50,-411,False
func_Ee_0x100005c64,-152,True
func_Ee_0x100005cf4,404,False
func_Ee_0x100005d95,476,True
func_Ee_0x100005dc3,1095,False
func_Ee_0x100005dc6,-115,False
func_Ee_0x100005dd1,-118,True
func_Ee_0x100005e11,292,True
func_Ee_0x100005e13,783,True
func_Ee_0x100005e19,-638,True
func_Ee_0x100005e1b,-702,False
func_Ee_0x100005e23,-305,True
func_Ee_0x100005e5d,-234,True
func_Ee_0x1000061fc,-162,False
func_Ee_0x100006206,-302,False
func_Ee_0x10000620f,571,True
func_Ee_0x100006212,-850,True
func_Ee_0x100006253,182,True
func_Ee_0x100006add,-850,True
func_Ee_0x100006ae7,348,True
func_Ee_0x100006aed,-521,True
func_Ee_0x10000785e,901,True
func_Ee_0x100007862,-21,False
func_Ee_0x100007864,-770,False
func_Ee_0x100008d05,263,False
func_Ee_0x1000091da,771,False
func_Ee_0x100009204,-617,False
func_Ee_0x10000921b,865,True
func_Ee_0x10000921d,927,False
func_Ee_0x100009222,719,False
func_Ee_0x100009bf1,9,True
func_Ee_0x10000a0b0,-439,False
func_Ee_0x10000a0b2,306,True
func_Ee_0x10000a0b4,-659,False
func_Ee_0x10000b79e,633,True
func_Ee_0x10000b7a6,-631,False
func_Ee_0x10000b7aa,4,True
func_Ee_0x10000c2e7,-663,False
func_Ee_0x10000c689,-63,True
func_Ee_0x10000c691,-115,False
func_Ei_0x100005503,-154,True
func_En_0x100004035,-483,True
func_En_0x10000403f,788,True
func_En_0x100004045,-373,True
func_En_0x100006600,189,False
func_En_0x1000066ad,-52,True
func_En_0x100006781,250,False
func_En_0x10000c194,251,True
func_En_0x10000c196,641,True
func_En_0x10000c19c,492,False
func_En_0x10000c1cd,-158,True
func_Eo_0x100004efe,9,False
func_Eo_0x100005526,-823,False
func_Er_0x10000078f,-671,True
func_Er_0x100003c71,243,False
func_Er_0x100003c77,118,True
func_Er_0x100003c85,753,True
func_Er_0x100003c87,218,False
func_Er_0x100003c8d,1001,True
func_Er_0x100003c93,-248,False
func_Er_0x100003c95,900,True
func_Er_0x100003c99,-196,False
func_Er_0x100003c9b,994,True
func_Er_0x100003c9d,-160,True
func_Er_0x100003ca1,545,True
func_Er_0x100003ca3,-548,True
func_Er_0x100003ca9,97,True
func_Er_0x100003cab,1037,False
func_Er_0x100003cad,-508,True
func_Er_0x100003cb1,508,False
func_Er_0x100003cb5,-150,True
func_Er_0x100003cbb,596,False
func_Er_0x100003cbf,-730,True
func_Er_0x100003cc1,1068,False
func_Er_0x100003ccb,435,True
func_Er_0x100003cd3,-753,False
func_Er_0x100003cdf,763,False
func_Er_0x100003ce1,665,False
func_Er_0x100003ce3,-206,True
func_Er_0x100003ce9,264,False
func_Er_0x100003ced,755,True
func_Er_0x100003cef,-239,True
func_Er_0x100003cf3,-845,True
func_Er_0x100003cf5,-645,True
func_Er_0x100003cf7,-848,True
func_Er_0x100003cfb,-47,False
func_Er_0x100007305,-429,False
func_Er_0x10000a533,-109,False
func_Er_0x10000a535,800,False
func_Er_0x10000a537,-300,True
func_Er_0x10000a539,-78,True
func_Er_0x10000a53b,-174,True
func_Er_0x10000a545,522,True
func_Er_0x10000a57c,-373,False
func_Er_0x10000bdcf,-751,False
func_Er_0x10000c123,673,True
func_Er_0x10000c169,27,False
func_Er_0x10000c1f6,780,True
func_Et_0x100004410,297,True
func_Et_0x100004412,-557,False
func_Et_0x100004414,152,True
func_Et_0x100004418,623,True
func_Et_0x10000441e,772,False
func_Et_0x100004420,-743,True
func_Et_0x100004428,-4,False
func_Et_0x10000442e,737,True
func_Et_0x100004432,72,True
func_Et_0x100004434,1045,False
func_Et_0x100004436,-714,False
func_Et_0x100004d4d,-429,False
func_Et_0x100004d5f,43,True
func_Et_0x100004d74,-568,True
func_Et_0x100004d90,666,True
func_Et_0x100005d6c,971,True
func_Et_0x100005da5,-777,True
func_Et_0x100007a73,1117,True
func_Et_0x100007a7b,907,False
func_Et_0x100007ac6,540,True
func_Et_0x100008d31,1144,True
func_Et_0x100008f5d,284,True
func_Et_0x100008fa7,452,True
func_Et_0x100008fb3,899,True
func_Et_0x100008fb5,-583,True
func_Et_0x100008fe6,1084,True
func_Et_0x100008fe8,1024,True
func_Et_0x100008ff4,462,False
func_Et_0x1000091f1,576,False
func_Et_0x1000091f7,-834,True
func_Et_0x1000091fb,-703,True
func_Et_0x1000091ff,-526,True
func_Et_0x1000093b2,579,True
func_Et_0x100009d65,-156,True
func_Et_0x100009d6b,148,False
func_Et_0x100009d6f,-476,True
func_Et_0x100009d73,603,True
func_Et_0x100009d79,-237,True
func_Et_0x10000a293,-84,False
func_Et_0x10000a29f,-415,True
func_Et_0x10000a2a1,345,False
func_Et_0x10000a2a5,-249,True
func_Et_0x10000a2ab,-403,False
func_Et_0x10000a2b3,974,False
func_Et_0x10000a2bb,-293,False
func_Et_0x10000a2bd,181,False
func_Et_0x10000a2c3,266,False
func_Et_0x10000a2c7,-232,True
func_Et_0x10000a2c9,945,True
func_Et_0x10000a2cd,-789,True
func_Et_0x10000a2cf,682,True
func_Et_0x10000a2d1,807,False
func_Et_0x10000a2d3,365,False
func_Et_0x10000a2d7,352,False
func_Et_0x10000a2d9,274,True
func_Et_0x10000a2db,-771,True
func_Et_0x10000a2dd,762,True
func_Et_0x10000a2e1,-833,False
func_Et_0x10000a764,648,False
func_Et_0x10000a766,-29,True
func_Et_0x10000a76f,-266,False
func_Et_0x10000a77e,339,False
func_Et_0x10000a780,-800,True
func_Et_0x10000a786,-673,True
func_Et_0x10000a788,510,True
func_Et_0x10000a7d6,2,False
func_Et_0x10000a7da,-495,True
func_Et_0x10000a7dc,-775,False
func_Et_0x10000a7e4,1019,False
func_Et_0x10000a7e6,-578,True
func_Et_0x10000a7f6,1039,False
func_Et_0x10000bca9,175,True
func_Et_0x10000bdc3,-195,False
func_Et_0x10000beab,-625,False
func_Et_0x10000beaf,851,False
func_Et_0x10000becc,340,False
func_Et_0x10000bedb,-600,False
func_Et_0x10000bee2,693,False
func_F_0x100000153,1043,True
func_F_0x10000021e,27,True
func_F_0x100000304,259,True
func_F_0x1000005c9,1120,True
func_F_0x1000038cb,-78,True
func_F_0x1000039f3,-345,False
func_F_0x100003b1a,1009,False
func_F_0x100003b54,838,False
func_F_0x100003b97,-832,False
func_F_0x100003c00,-713,False
func_F_0x100003ee0,-517,False
func_F_0x100003f11,778,False
func_F_0x100003f13,1044,False
func_F_0x10000422f,150,False
func_F_0x100004245,327,False
func_F_0x10000427d,641,False
func_F_0x1000042cd,743,False
func_F_0x1000042d6,905,True
func_F_0x10000439d,128,True
func_F_0x100004b10,-228,True
func_F_0x100004bdc,198,True
func_F_0x100004bde,406,True
func_F_0x100004be4,800,True
func_F_0x100004c0d,-811,False
func_F_0x100004cfa,615,True
func_F_0x100004d0b,172,True
func_F_0x100004d10,576,True
func_F_0x100004d16,-656,False
func_F_0x100004d1a,431,True
func_F_0x1000055d7,79,False
func_F_0x1000055db,287,False
func_F_0x100005605,272,False
func_F_0x10000560d,-234,False
func_F_0x100005611,-155,False
func_F_0x100005615,460,False
func_F_0x100005687,-467,False
func_F_0x100005989,-379,True
func_F_0x100005b86,589,False
func_F_0x100005edd,-85,False
func_F_0x100005edf,-284,False
func_F_0x100005eec,-709,True
func_F_0x100005f70,-62,True
func_F_0x100005fd5,-180,False
func_F_0x100006845,668,False
func_F_0x100006a3e,751,True
func_F_0x100007214,-341,False
func_F_0x10000748a,-591,False
func_F_0x100007634,-769,True
func_F_0x1000076df,-838,False
func_F_0x100007701,833,False
func_F_0x1000078ca,961,True
func_F_0x1000078cf,803,False
func_F_0x100007931,-445,True
func_F_0x100007a3f,-625,False
func_F_0x100007b83,94,False
func_F_0x100007c62,-47,True
func_F_0x100007d1e,1122,True
func_F_0x100007db9,787,True
func_F_0x100007e2d,-678,False
func_F_0x1000088f2,286,True
func_F_0x1000089b2,-452,True
func_F_0x1000089d5,-174,True
func_F_0x100008a95,119,True
func_F_0x100008c4e,-110,False
func_F_0x100008ce5,188,False
func_F_0x100008cf9,1139,True
func_F_0x100008cfb,-501,True
func_F_0x100008d02,51,False
func_F_0x100008e82,-283,True
func_F_0x100008e88,-847,False
func_F_0x10000904b,-202,True
func_F_0x100009097,-512,True
func_F_0x100009102,-284,False
func_F_0x100009104,302,True
func_F_0x100009163,-799,False
func_F_0x1000094a5,908,False
func_F_0x10000954e,-603,False
func_F_0x10000981f,610,True
func_F_0x100009826,-79,False
func_F_0x100009831,-138,False
func_F_0x100009889,876,False
func_F_0x100009914,141,False
func_F_0x100009a17,-202,True
func_F_0x100009a20,147,True
func_F_0x100009aae,509,True
func_F_0x100009ad4,343,False
func_F_0x100009ad6,644,False
func_F_0x100009ada,-451,True
func_F_0x100009adc,82,False
func_F_0x100009bd7,276,False
func_F_0x100009be6,679,False
func_F_0x100009e19,468,True
func_F_0x100009e2a,-429,True
func_F_0x10000a102,179,True
func_F_0x10000a1eb,-130,False
func_F_0x10000a701,574,True
func_F_0x10000a90c,262,True
func_F_0x10000aa82,815,True
func_F_0x10000aad8,-839,False
func_F_0x10000aaf9,849,True
func_F_0x10000aafb,-593,False
func_F_0x10000ace7,-327,True
func_F_0x10000af15,-527,False
func_F_0x10000b167,629,True
func_F_0x10000b37c,53,True
func_F_0x10000b625,89,False
func_F_0x10000b62d,-468,False
func_F_0x10000b631,73,False
func_F_0x10000b633,582,False
func_F_0x10000b637,42,False
func_F_0x10000bb2a,-11,False
func_F_0x10000be34,-664,True
func_F_0x10000bf31,117,True
func_F_0x10000bf45,-147,False
func_F_0x10000c050,909,False
func_F_0x10000c58e,-833,False
func_Fe_0x1000043ef,178,True
func_Fe_0x1000060e8,-417,True
func_Fe_0x100006bbe,-533,True
func_Fe_0x100006bce,-7,True
func_Fe_0x100006bd4,440,True
func_Fe_0x100006c04,154,False
func_Fe_0x100006c0a,778,False
func_Fe_0x100006c2c,561,False
func_Fe_0x100006c30,93,True
func_Fe_0x100006c36,-235,True
func_Fe_0x100007294,299,False
func_Fe_0x100007a89,-203,False
func_Fe_0x100007a93,-755,False
func_Fe_0x100007a99,-532,False
func_Fe_0x100008462,-436,True
func_Fe_0x100008f95,246,False
func_Fe_0x100008fbe,782,True
func_Fe_0x100008fed,1121,True
func_Fe_0x100009390,302,False
func_Fe_0x100009399,-450,False
func_Fe_0x1000093dc,43,True
func_Fe_0x10000a4f9,807,True
func_Fe_0x10000a519,-302,False
func_Fe_0x10000a5c8,250,False
func_Fe_0x10000a5d1,-181,True
func_Fe_0x10000a5e3,-414,False
func_Fe_0x10000a5e7,133,True
func_Fe_0x10000ba50,-511,True
func_Fe_0x10000bd31,1084,True
func_Fe_0x10000bdc8,1026,True
func_Fe_0x10000bddd,785,True
func_Fn_0x100006dc0,-218,False
func_Fn_0x100006dc5,132,False
func_Fn_0x100006dca,691,True
func_Fn_0x100006e0e,-150,True
func_Fn_0x100006e10,1098,False
func_Fn_0x100006e14,751,True
func_Fn_0x100006e1a,-794,False
func_Fn_0x100006e1c,-701,False
func_Fn_0x100006e20,924,True
func_Fn_0x100006e2b,542,False
func_Fn_0x100006e36,-325,True
func_Fn_0x100006e38,722,True
func_Fn_0x100006e3a,45,False
func_Fn_0x100006e3e,755,False
func_Fn_0x100006e42,901,True
func_Fn_0x100006e48,-88,True
func_Fn_0x100006e4a,1035,False
func_Fn_0x100006e5d,57,False
func_Fn_0x100006e6c,-196,True
func_Fn_0x100006e7c,794,False
func_Fn_0x100006e84,1052,False
func_Fn_0x100006e90,-445,True
func_Fn_0x100006e92,391,True
func_Fn_0x100006ea7,1118,False
func_Fn_0x100006eb5,63,False
func_Fn_0x100006ebb,-119,False
func_Fn_0x100006ebd,-417,True
func_Fn_0x100006ebf,-706,False
func_Fn_0x100006ed4,-828,False
func_Fn_0x100006ed6,-850,False
func_Fn_0x100006edc,624,True
func_Fn_0x100006ee6,485,True
func_Fn_0x100006ee8,-481,True
func_Fn_0x100006ef0,460,True
func_Fn_0x100006ef2,467,False
func_Fo_0x100004a3a,-596,True
func_Fr_0x1000046e0,-168,True
func_Ft_0x100004062,-482,True
func_Ft_0x100004d40,1103,False
func_Ft_0x100004d65,-412,False
func_Ft_0x1000063d2,985,False
func_Ft_0x1000063d4,120,False
func_Ft_0x100008d44,-521,True
func_Ft_0x1000093bb,1085,False
func_Ft_0x1000093bd,-782,False
func_Ft_0x1000093d1,-614,False
func_Ft_0x1000093d4,530,True
func_Ft_0x10000a51d,203,True
func_Ft_0x10000a525,57,True
func_Ft_0x10000a53e,71,True
func_Ft_0x10000a572,84,False
func_Ft_0x10000a5dc,-307,False
func_Ft_0x10000a78b,408,True
func_Ft_0x10000a78d,1080,False
func_Fu_0x10000adef,-427,False
func_Fu_0x10000b089,-290,False
func_G_0x1000038e2,-604,True
func_G_0x100003ad1,17,False
func_G_0x100003ad5,-339,True
func_G_0x100003ad7,714,True
func_G_0x100003adb,829,True
func_G_0x100003b2d,-681,False
func_G_0x100003b2f,783,False
func_G_0x100003baf,31,True
func_G_0x100003be6,718,True
func_G_0x100003e4e,-796,True
func_G_0x1000040ef,-68,False
func_G_0x1000040f1,-346,False
func_G_0x1000040f3,66,True
func_G_0x1000041dc,-392,False
func_G_0x1000041de,1141,True
func_G_0x100004214,-130,False
func_G_0x10000427a,-761,False
func_G_0x1000042e1,-604,True
func_G_0x100004320,422,False
func_G_0x100004324,271,True
func_G_0x100004328,-312,True
func_G_0x10000438a,468,True
func_G_0x10000438c,169,True
func_G_0x100004b78,77,True
func_G_0x100004b7a,-225,False
func_G_0x10000572a,1038,True
func_G_0x10000581a,6,True
func_G_0x100005820,505,True
func_G_0x100005822,-270,False
func_G_0x100005824,-103,True
func_G_0x100005832,518,True
func_G_0x100006280,-691,True
func_G_0x10000637e,828,True
func_G_0x10000694a,-706,False
func_G_0x100006d9d,-256,False
func_G_0x100006da1,-11,True
func_G_0x100006fe8,701,False
func_G_0x100006ff1,-793,True
func_G_0x100006ff3,-35,True
func_G_0x1000071dd,1142,False
func_G_0x1000073e5,1031,False
func_G_0x10000749e,489,False
func_G_0x1000074a7,969,False
func_G_0x100007ba5,-549,True
func_G_0x100007ba7,-692,True
func_G_0x100007e50,-755,False
func_G_0x10000824a,455,False
func_G_0x10000838d,-317,False
func_G_0x100008ad6,185,True
func_G_0x100008c77,959,False
func_G_0x100008cc2,1036,False
func_G_0x100008cc6,411,True
func_G_0x100008cc8,-834,True
func_G_0x100008f2b,91,True
func_G_0x100009326,-368,True
func_G_0x100009328,1044,False
func_G_0x100009d24,-539,True
func_G_0x10000a697,-4,True
func_G_0x10000a69b,-578,True
func_G_0x10000a89b,-700,True
func_G_0x10000a8a0,306,False
func_G_0x10000a8a2,-406,False
func_G_0x10000a8f9,0,True
func_G_0x10000aa89,1131,False
func_G_0x10000ab43,-796,True
func_G_0x10000ab49,990,True
func_G_0x10000ab5d,134,True
func_G_0x10000ab5f,381,True
func_G_0x10000aca0,-817,False
func_G_0x10000acd4,-497,True
func_G_0x10000acd8,-835,False
func_G_0x10000acda,733,False
func_G_0x10000ae7a,-5,True
func_G_0x10000afb0,-745,True
func_G_0x10000afb4,431,False
func_G_0x10000afbd,765,True
func_G_0x10000afbf,-116,True
func_G_0x10000b1e8,852,False
func_G_0x10000b1fa,774,True
func_G_0x10000b1fc,222,True
func_G_0x10000b1fe,239,True
func_G_0x10000b284,26,False
func_G_0x10000b3b5,762,False
func_G_0x10000b465,-433,False
func_G_0x10000b573,-576,False
func_G_0x10000bacf,248,True
func_G_0x10000bf09,-590,False
func_G_0x10000bf0d,821,False
func_G_0x10000c3f3,-824,False
func_G_0x10000c4bb,274,True
func_G_0x10000c57a,460,False
func_G_0x10000c580,862,True
func_Gd_0x100008834,748,False
func_Ge_0x100003815,-585,False
func_Ge_0x100003853,-313,True
func_Ge_0x100003924,200,False
func_Ge_0x100003e9d,-11,False
func_Ge_0x100004a94,-426,False
func_Ge_0x1000056df,-389,False
func_Ge_0x1000056e3,-686,False
func_Ge_0x100005814,236,False
func_Ge_0x100005816,888,False
func_Ge_0x100005883,630,True
func_Ge_0x100005885,585,False
func_Ge_0x100005887,1057,False
func_Ge_0x10000588b,875,False
func_Ge_0x10000588d,351,False
func_Ge_0x10000588f,321,True
func_Ge_0x100005891,-511,False
func_Ge_0x100005897,-140,True
func_Ge_0x1000058a7,368,False
func_Ge_0x1000058ab,281,True
func_Ge_0x1000058ae,1080,True
func_Ge_0x100005b4e,-344,False
func_Ge_0x100005b50,-25,False
func_Ge_0x100005b58,-212,True
func_Ge_0x100007023,1008,True
func_Ge_0x100007972,1084,False
func_Ge_0x100007974,-369,True
func_Ge_0x1000079f1,-172,True
func_Ge_0x100007ee3,-288,False
func_Ge_0x100007f78,-707,False
func_Ge_0x100007f7a,-92,False
func_Ge_0x100008ed1,1068,True
func_Ge_0x100008f1d,358,False
func_Ge_0x10000a8d6,268,False
func_Ge_0x10000a907,382,True
func_Ge_0x10000ab89,-752,False
func_Ge_0x10000ab8f,-122,False
func_Ge_0x10000ab9b,-319,True
func_Ge_0x10000abad,-76,False
func_Ge_0x10000abb1,737,True
func_Ge_0x10000b405,768,True
func_Ge_0x10000c442,659,False
func_Ge_0x10000c69e,933,True
func_Ge_0x10000c6cc,233,True
func_Gi_0x1000046fb,-378,True
func_Gi_0x100004718,574,False
func_Gi_0x10000471a,489,True
func_Gr_0x1000070f7,1115,False
func_Gr_0x1000070fd,912,False
func_Gr_0x100007130,457,True
func_Gr_0x100007132,442,False
func_Gr_0x100007135,868,False
func_Gr_0x100007137,-707,True
func_Gr_0x100007139,962,True
func_Gr_0x10000717c,-388,False
func_Gr_0x100007186,850,True
func_Gr_0x100007196,-587,True
func_Gr_0x10000719e,-709,True
func_Gr_0x10000b6c1,736,False
func_Gr_0x10000b947,71,False
func_Gr_0x10000b94f,547,False
func_Gr_0x10000b9e7,-748,True
func_Gr_0x10000b9e9,777,False
func_Gr_0x10000bc07,-475,False
func_Gr_0x10000c1fa,116,True
func_Gt_0x10000718a,-278,False
func_Gt_0x10000b6a7,99,True
func_Gt_0x10000b6a9,-354,True
func_Gt_0x10000b6af,49,True
func_Gt_0x10000b6b5,-655,False
func_Gt_0x10000b6b7,654,True
func_Gt_0x10000b6bb,-436,True
func_Gt_0x10000b6bf,-226,False
func_Gt_0x10000b6c5,1,False
func_Gt_0x10000b6c7,-548,True
func_Gt_0x10000b6c9,861,True
func_Gt_0x10000b97c,-752,False
func_Gt_0x10000b9ca,1015,True
func_Gt_0x10000b9e5,-710,True
func_Gt_0x10000b9ed,376,False
func_Gt_0x10000bbd5,-452,True
func_Gt_0x10000c16e,-211,False
func_Gt_0x10000c170,-338,True
func_Gt_0x10000c184,377,False
func_Gt_0x10000c18a,724,False
func_Gt_0x10000c18c,-426,True
func_Gt_0x10000c18e,713,True
func_Gt_0x10000c1ef,583,False
func_Gu_0x10000adcc,-289,False
func_Gu_0x10000add2,786,True
func_Gu_0x10000add6,1133,True
func_Gu_0x10000b08a,61,False
func_Gu_0x10000b08c,-301,True
func_Gu_0x10000b08e,427,True
func_H_0x1000001e3,1011,False
func_H_0x1000001eb,245,True
func_H_0x100003548,-401,True
func_H_0x100003550,1140,False
func_H_0x100003554,45,False
func_H_0x100003558,-458,False
func_H_0x100003752,756,True
func_H_0x1000038cd,-430,False
func_H_0x100003901,774,True
func_H_0x100003ba3,949,True
func_H_0x100003bad,930,False
func_H_0x100003bd3,-356,False
func_H_0x100003bd5,-350,True
func_H_0x100003bd7,-779,False
func_H_0x100003bdb,289,True
func_H_0x100003bdf,-627,False
func_H_0x100003bf1,-807,True
func_H_0x1000041e5,-87,True
func_H_0x100004211,4,False
func_H_0x100005741,-484,False
func_H_0x100005760,850,True
func_H_0x1000058db,139,True
func_H_0x1000058e0,-804,False
func_H_0x100005946,-28,True
func_H_0x100005948,-46,False
func_H_0x10000594a,1093,False
func_H_0x10000594e,-496,True
func_H_0x100005950,245,True
func_H_0x100005954,203,False
func_H_0x10000596e,947,False
func_H_0x10000597a,384,False
func_H_0x100005bfd,1088,True
func_H_0x100005ebd,908,True
func_H_0x100005fda,631,False
func_H_0x10000606b,-616,True
func_H_0x10000619a,472,False
func_H_0x1000061a0,112,True
func_H_0x1000061b9,583,True
func_H_0x1000061bd,204,False
func_H_0x1000061bf,635,True
func_H_0x1000061c3,-569,True
func_H_0x100006f4d,-633,False
func_H_0x100006f62,-513,True
func_H_0x100007040,137,True
func_H_0x1000071b1,-448,True
func_H_0x100007219,386,False
func_H_0x10000721d,-416,True
func_H_0x10000721f,488,True
func_H_0x10000723c,819,False
func_H_0x100007241,1014,True
func_H_0x100007460,-195,True
func_H_0x1000075d9,1117,False
func_H_0x100007b18,733,False
func_H_0x100007b22,445,True
func_H_0x100007b25,992,False
func_H_0x100007b27,167,False
func_H_0x100007b29,-54,True
func_H_0x100007b2b,836,True
func_H_0x100007b2d,-648,True
func_H_0x100007b2f,-283,True
func_H_0x100007de7,483,False
func_H_0x100007def,-249,True
func_H_0x100007e34,-178,False
func_H_0x10000820e,537,False
func_H_0x100008252,-77,False
func_H_0x10000836c,696,False
func_H_0x100008383,821,True
func_H_0x100008ba5,-398,False
func_H_0x100008bb5,350,False
func_H_0x100008c8e,567,True
func_H_0x100008df7,-129,True
func_H_0x100008df9,271,True
func_H_0x100008e13,1046,True
func_H_0x100008e64,-509,True
func_H_0x100008e6c,-726,True
func_H_0x100008e6e,-195,False
func_H_0x100008f48,141,True
func_H_0x10000946a,-383,False
func_H_0x10000946e,-461,True
func_H_0x100009470,759,False
func_H_0x100009475,876,True
func_H_0x100009477,-364,False
func_H_0x1000095a5,111,True
func_H_0x10000988a,-174,False
func_H_0x1000098af,1139,False
func_H_0x100009961,637,True
func_H_0x1000099c3,-425,False
func_H_0x100009a07,980,False
func_H_0x100009f44,889,True
func_H_0x100009f46,-810,True
func_H_0x100009f4c,312,False
func_H_0x10000a4d3,712,True
func_H_0x10000a87b,81,False
func_H_0x10000a8fb,-383,True
func_H_0x10000a914,221,False
func_H_0x10000a916,-206,True
func_H_0x10000ae77,878,False
func_H_0x10000aee4,316,True
func_H_0x10000aef1,328,True
func_H_0x10000b39f,739,True
func_H_0x10000b3a3,-585,False
func_H_0x10000b3a5,-663,False
func_H_0x10000b3ab,314,False
func_H_0x10000b5a2,-597,True
func_H_0x10000c274,-280,False
func_H_0x10000c276,751,True
func_H_0x10000c278,-406,False
func_H_0x10000c27c,154,True
func_H_0x10000c281,462,False
func_H_0x10000c525,-290,True
func_H_0x10000c656,270,True
func_He_0x100000786,362,False
func_He_0x10000078a,-726,True
func_He_0x100000794,505,True
func_He_0x1000007f0,457,True
func_He_0x100000805,202,True
func_He_0x10000080c,-411,True
func_He_0x10000080e,43,False
func_He_0x100000810,1114,False
func_He_0x100000827,202,False
func_He_0x1000043fe,158,False
func_He_0x100004400,-451,False
func_He_0x100004402,84,False
func_He_0x100004406,-292,True
func_He_0x10000a512,260,True
func_He_0x10000a51a,577,False
func_He_0x10000a5c4,-837,False
func_Hn_0x100006db0,-1,False
func_Hn_0x100006db2,-253,True
func_Hn_0x100006dbe,-92,True
func_Hn_0x100006e25,-314,True
func_Hn_0x100006e2d,956,True
func_Hn_0x100006e4c,502,True
func_Hn_0x100006e61,881,True
func_Hn_0x100006e63,245,False
func_Hn_0x100006e69,199,True
func_Hn_0x100006e70,-224,True
func_Hn_0x100006ead,1143,True
func_Hn_0x100006eaf,-248,True
func_Hn_0x100006eb1,-686,True
func_Hn_0x100006eb9,605,False
func_Hn_0x100006ec1,-221,False
func_Hn_0x100006ede,-214,True
func_Hn_0x100006eee,264,False
func_Hn_0x100006ef4,710,True
func_Hn_0x10000ae35,195,True
func_Ho_0x1000083a4,219,False
func_Ho_0x1000083d1,-531,False
func_Ho_0x1000083d7,208,False
func_Hr_0x10000864d,155,True
func_Hr_0x100008677,879,True
func_Hr_0x10000868a,-303,True
func_Hr_0x100008693,-811,False
func_Hr_0x100008695,793,False
func_Hr_0x10000876b,623,False
func_Hr_0x1000087d5,-441,False
func_Hr_0x100008806,-350,False
func_Hr_0x10000884d,156,False
func_Hr_0x100008869,-256,False
func_Hr_0x10000886d,11,True
func_Hr_0x100008871,-286,False
func_Hr_0x100008893,75,True
func_Hr_0x100008899,-213,True
func_Hr_0x10000889f,-541,False
func_Hr_0x1000088ab,-760,True
func_Ht_0x1000069ef,-773,True
func_Ht_0x100007310,698,True
func_Ht_0x10000731e,1009,False
func_Ht_0x100007321,-802,False
func_Ht_0x100007323,-689,True
func_Ht_0x100007329,606,True
func_Ht_0x100007a7c,277,True
func_Ht_0x100008d3b,-138,False
func_Ht_0x100008d4c,152,False
func_Ht_0x100008d54,-85,False
func_Ht_0x100008fbd,768,False
func_Ht_0x100008fc5,210,True
func_Ht_0x1000093a1,-656,True
func_Ht_0x1000093b8,-407,False
func_Ht_0x1000093ef,917,True
func_Ht_0x10000a761,-483,True
func_Ht_0x10000a77c,253,True
func_Ht_0x10000bdc4,-290,True
func_Ht_0x10000bdc6,817,True
func_Hu_0x1000049e8,302,True
func_Hu_0x1000049ea,-254,True
func_Hu_0x1000049ee,547,True
func_Hu_0x100004a30,-597,True
func_Hu_0x100004a38,-491,True
func_I_0x100000154,-125,True
func_I_0x1000001b4,128,False
func_I_0x1000001b7,280,False
func_I_0x1000005ce,111,True
func_I_0x100003a31,371,False
func_I_0x100003aa4,753,True
func_I_0x100003afc,1130,True
func_I_0x100003b14,-441,False
func_I_0x100003b16,-468,False
func_I_0x100003b41,159,False
func_I_0x100003b48,32,True
func_I_0x100003e28,-843,True
func_I_0x100004001,574,True
func_I_0x1000040e6,-610,False
func_I_0x1000041af,102,True
func_I_0x1000041d7,-399,True
func_I_0x10000436f,396,False
func_I_0x100004380,147,False
func_I_0x1000043d1,276,True
func_I_0x10000457d,338,False
func_I_0x100004587,-251,False
func_I_0x100004bc8,607,True
func_I_0x100004bd0,515,True
func_I_0x100004bd4,85,False
func_I_0x100004c09,764,False
func_I_0x100004c63,42,False
func_I_0x100005601,-324,True
func_I_0x10000560b,-106,False
func_I_0x1000058e3,186,True
func_I_0x10000598f,-307,False
func_I_0x1000061c8,410,False
func_I_0x1000064c6,-215,False
func_I_0x100006576,-22,False
func_I_0x10000657e,27,False
func_I_0x100006586,-478,True
func_I_0x100006865,978,True
func_I_0x100006a10,228,True
func_I_0x100006a30,-842,False
func_I_0x100006c60,-342,True
func_I_0x100007060,-815,True
func_I_0x10000733c,799,False
func_I_0x100007470,-531,True
func_I_0x100007483,-189,True
func_I_0x10000748b,547,False
func_I_0x1000076ff,-505,False
func_I_0x100007705,-684,False
func_I_0x100007be0,912,False
func_I_0x100007d11,654,False
func_I_0x100007d15,297,True
func_I_0x100007d56,-309,False
func_I_0x100007d6d,-650,True
func_I_0x1000081f5,-515,False
func_I_0x100008a93,-109,False
func_I_0x100008aa3,52,True
func_I_0x100008c0f,-259,False
func_I_0x100008c43,84,False
func_I_0x100008c4a,-797,True
func_I_0x100008cde,353,True
func_I_0x100008e86,124,False
func_I_0x100008e8c,-336,True
func_I_0x100009028,12,True
func_I_0x100009047,1025,False
func_I_0x100009051,143,True
func_I_0x100009061,-667,True
func_I_0x10000906b,-52,True
func_I_0x1000090fd,-719,False
func_I_0x10000922b,599,False
func_I_0x1000094a3,-231,True
func_I_0x1000094b1,-606,True
func_I_0x1000096ba,943,True
func_I_0x100009821,-71,False
func_I_0x100009823,-495,False
func_I_0x100009859,-139,False
func_I_0x1000098d3,-105,True
func_I_0x1000098d7,1045,True
func_I_0x1000098dd,71,True
func_I_0x1000098df,-68,True
func_I_0x1000098e1,-339,True
func_I_0x1000098e5,-188,False
func_I_0x100009a4c,1098,False
func_I_0x100009ab4,741,True
func_I_0x100009ab6,312,False
func_I_0x100009ac4,-539,False
func_I_0x100009fba,-329,True
func_I_0x100009fce,-79,True
func_I_0x10000a39f,-88,False
func_I_0x10000a6fc,686,False
func_I_0x10000a703,-6,False
func_I_0x10000a705,-110,False
func_I_0x10000a71d,-576,False
func_I_0x10000aae5,835,False
func_I_0x10000aae7,167,False
func_I_0x10000af18,590,True
func_I_0x10000b38b,-222,False
func_I_0x10000b42f,-646,False
func_I_0x10000b437,307,False
func_I_0x10000b602,-812,False
func_I_0x10000b62b,453,False
func_I_0x10000b7f0,81,False
func_I_0x10000bb2e,-826,True
func_I_0x10000bb36,-808,False
func_I_0x10000bf2d,1073,False
func_I_0x10000bf2f,-98,True
func_I_0x10000bf33,104,True
func_I_0x10000bf43,52,True
func_I_0x10000c59c,-422,False
func_I_0x10000c6fb,51,True
func_Ie_0x10000380b,-188,True
func_Ie_0x100003813,177,False
func_Ie_0x10000381a,361,True
func_Ie_0x100003840,909,False
func_Ie_0x10000384c,-445,True
func_Ie_0x100003858,239,False
func_Ie_0x100003a61,-564,True
func_Ie_0x100003e9c,318,True
func_Ie_0x100003eb2,1062,True
func_Ie_0x100004a90,-155,True
func_Ie_0x100004a92,-424,True
func_Ie_0x1000062c8,456,False
func_Ie_0x10000638f,-539,False
func_Ie_0x1000070a5,-94,False
func_Ie_0x1000070a7,-544,True
func_Ie_0x1000070ab,-322,True
func_Ie_0x1000070af,-235,True
func_Ie_0x1000070b1,1052,True
func_Ie_0x1000070b3,1093,False
func_Ie_0x1000070b5,63,True
func_Ie_0x1000070b7,126,True
func_Ie_0x1000079f5,448,True
func_Ie_0x100008f1f,661,False
func_Ie_0x100009761,-518,True
func_Ie_0x100009769,598,True
func_Ie_0x100009a79,-321,True
func_Ie_0x100009ce3,-761,False
func_Ie_0x10000a4bf,-812,True
func_Ie_0x10000ab73,-21,False
func_Ie_0x10000aba3,-236,True
func_Ie_0x10000b404,-253,True
func_Ie_0x10000b5de,-300,True
func_Ie_0x10000bd9f,-751,False
func_Ie_0x10000bda1,143,True
func_Ie_0x10000bdf1,744,False
func_Ie_0x10000c37e,802,False
func_Ie_0x10000c44e,924,True
func_Ie_0x10000c45f,-513,False
func_Ie_0x10000c47f,122,True
func_Ie_0x10000c4c4,-805,True
func_Ie_0x10000c6a0,471,True
func_Ie_0x10000c6a9,-372,False
func_Ie_0x10000c6ab,-283,False
func_Ie_0x10000c6d2,1027,True
func_In_0x100004a29,582,True
func_In_0x100004a2c,-398,False
func_Io_0x100006dba,-790,False
func_Io_0x10000839f,713,False
func_Ir_0x1000035b2,-195,False
func_Ir_0x1000035d8,190,False
func_Ir_0x1000035f9,-458,True
func_Ir_0x1000036ec,-118,True
func_Ir_0x1000036f1,659,False
func_Ir_0x1000036fb,835,True
func_Ir_0x100003703,-543,False
func_Ir_0x100003707,936,False
func_Ir_0x100003709,-88,True
func_Ir_0x100003726,704,True
func_Ir_0x100003728,1090,True
func_Ir_0x10000372c,-373,True
func_Ir_0x10000372e,-241,False
func_Ir_0x100003730,224,False
func_Ir_0x100003732,113,True
func_Ir_0x100003736,376,False
func_Ir_0x100003740,188,False
func_Ir_0x100003744,-534,False
func_Ir_0x100005a08,30,False
func_Ir_0x100005a0a,-670,True
func_Ir_0x1000065e3,-776,True
func_Ir_0x1000065f1,-635,True
func_Ir_0x100006603,388,False
func_Ir_0x1000066ae,-652,False
func_Ir_0x100006790,-173,False
func_Ir_0x100006796,1018,False
func_Ir_0x10000679a,72,False
func_Ir_0x1000067c0,572,True
func_Ir_0x1000067d2,-334,False
func_Ir_0x1000067d4,1126,True
func_Ir_0x1000067d6,792,False
func_Ir_0x10000b6d2,1009,True
func_Ir_0x10000b6de,494,False
func_Ir_0x10000b6e0,417,False
func_Ir_0x10000b6e4,727,False
func_Ir_0x10000b6e6,-762,True
func_Ir_0x10000b6ea,-690,True
func_Ir_0x10000b6ec,-78,True
func_Ir_0x10000b6ee,830,False
func_Ir_0x10000b6f0,837,True
func_Ir_0x10000b6f2,620,True
func_Ir_0x10000b970,-838,True
func_Ir_0x10000c227,32,False
func_Ir_0x10000c229,513,False
func_It_0x1000065d0,-422,False
func_It_0x100006714,-304,True
func_It_0x10000713f,-808,True
func_It_0x10000bb79,-475,False
func_It_0x10000bb7b,818,True
func_It_0x10000bb87,-348,True
func_It_0x10000bb89,1024,True
func_It_0x10000bb8b,581,True
func_It_0x10000bb8d,279,False
func_It_0x10000bb8f,-798,True
func_It_0x10000bb91,41,True
func_It_0x10000bb93,1111,True
func_It_0x10000bba5,-568,True
func_It_0x10000bba7,-12,True
func_It_0x10000bba9,501,False
func_It_0x10000bbad,-177,True
func_It_0x10000bbaf,1036,False
func_It_0x10000bbb1,44,True
func_It_0x10000bbb3,782,True
func_It_0x10000bbbd,-553,False
func_It_0x10000bbbf,-215,False
func_It_0x10000bbc3,520,True
func_It_0x10000bbc5,-754,False
func_It_0x10000bbc7,449,False
func_It_0x10000bbcd,237,False
func_It_0x10000bbcf,804,True
func_It_0x10000bbd3,198,True
func_It_0x10000bbd7,-833,True
func_It_0x10000bbdd,923,False
func_It_0x10000bbe1,-799,True
func_It_0x10000bbe3,-437,True
func_It_0x10000bbe7,-528,False
func_It_0x10000bbe9,64,False
func_It_0x10000bbeb,-426,False
func_It_0x10000bbef,1001,True
func_It_0x10000bbf1,708,True
func_It_0x10000bbf5,1106,False
func_It_0x10000bbf9,1128,False
func_It_0x10000bbfb,-215,False
func_It_0x10000bbfd,-425,False
func_It_0x10000bbff,46,False
func_It_0x10000bc05,403,False
func_It_0x10000bc09,336,True
func_It_0x10000bfbf,-199,True
func_It_0x10000bfc8,435,False
func_It_0x10000c174,-510,False
func_It_0x10000c186,1129,False
func_Iu_0x10000adc4,-283,True
func_Iu_0x10000adce,177,True
func_Iu_0x10000ae06,905,True
func_J_0x1000001f3,1037,True
func_J_0x100003346,61,True
func_J_0x100003348,-765,True
func_J_0x10000334a,688,False
func_J_0x10000334c,-177,False
func_J_0x10000334e,-289,False
func_J_0x100003352,-700,True
func_J_0x100003354,-817,True
func_J_0x100003569,-840,False
func_J_0x100003578,227,False
func_J_0x100003584,-102,False
func_J_0x100003588,690,True
func_J_0x100003594,425,False
func_J_0x10000359e,263,False
func_J_0x1000035a0,109,True
func_J_0x1000035a2,-311,True
func_J_0x1000038ee,-306,True
func_J_0x100003b27,-162,True
func_J_0x100003bb2,-507,False
func_J_0x100003f66,131,True
func_J_0x100003ff2,-488,True
func_J_0x100003ff4,844,False
func_J_0x100003ff6,959,False
func_J_0x10000412b,910,True
func_J_0x10000415a,790,True
func_J_0x100004447,735,False
func_J_0x100004a8b,-95,True
func_J_0x100004aab,67,True
func_J_0x100004aaf,409,False
func_J_0x1000056c5,867,True
func_J_0x10000573a,-307,True
func_J_0x10000573c,964,True
func_J_0x100005826,-462,True
func_J_0x10000582b,33,False
func_J_0x10000582f,716,False
func_J_0x100005837,-547,True
func_J_0x10000583a,344,True
func_J_0x100005c12,693,False
func_J_0x1000064dc,205,True
func_J_0x1000064e0,-159,True
func_J_0x1000064e2,56,True
func_J_0x1000064e4,-3,True
func_J_0x1000064e8,-520,False
func_J_0x1000066c5,293,True
func_J_0x100006b4f,-447,False
func_J_0x100006b53,736,True
func_J_0x100006b55,1115,True
func_J_0x100006b62,-273,False
func_J_0x100006da4,-459,True
func_J_0x100006f66,156,False
func_J_0x100006fe5,1095,True
func_J_0x100007000,288,True
func_J_0x10000701e,-67,False
func_J_0x1000070a0,881,True
func_J_0x1000071de,-297,False
func_J_0x1000073e0,-50,False
func_J_0x10000749f,-842,False
func_J_0x1000074a9,118,True
func_J_0x1000074b0,705,True
func_J_0x100007581,664,False
func_J_0x1000075da,790,False
func_J_0x10000780f,-303,True
func_J_0x100007813,-434,True
func_J_0x100007819,56,False
func_J_0x100007823,-795,False
func_J_0x100007828,458,False
func_J_0x100007b42,-209,True
func_J_0x100007b44,-343,False
func_J_0x100007b4d,-285,False
func_J_0x100007bab,-85,False
func_J_0x100007c28,-333,True
func_J_0x100007c30,1113,True
func_J_0x100007c32,-379,True
func_J_0x100007c38,509,False
func_J_0x100007c46,553,True
func_J_0x100008503,1025,True
func_J_0x100008505,74,False
func_J_0x100008509,-511,False
func_J_0x100008cca,-103,True
func_J_0x100008e91,-607,True
func_J_0x1000095e2,722,True
func_J_0x1000095e6,-717,False
func_J_0x100009862,921,False
func_J_0x100009868,82,False
func_J_0x100009a5b,-553,False
func_J_0x100009a5d,-436,False
func_J_0x100009a5f,-285,True
func_J_0x100009a94,-152,False
func_J_0x10000a20e,-248,False
func_J_0x10000a89d,1133,True
func_J_0x10000a920,1142,False
func_J_0x10000a922,55,True
func_J_0x10000a92a,119,False
func_J_0x10000aa9c,-119,True
func_J_0x10000ab00,-328,True
func_J_0x10000ab04,-49,True
func_J_0x10000ab0a,1001,False
func_J_0x10000ab0c,256,True
func_J_0x10000ab0e,-390,True
func_J_0x10000ab10,876,False
func_J_0x10000ab3d,339,False
func_J_0x10000ab47,24,False
func_J_0x10000ab4d,-735,False
func_J_0x10000ab69,-551,False
func_J_0x10000ab79,922,True
func_J_0x10000aea7,1003,True
func_J_0x10000b1e4,746,False
func_J_0x10000b3b3,-655,False
func_J_0x10000b466,18,True
func_J_0x10000b46a,1015,False
func_J_0x10000b586,1129,True
func_J_0x10000c285,888,True
func_J_0x10000c3c8,-190,False
func_J_0x10000c3cc,496,True
func_J_0x10000c3ce,449,False
func_J_0x10000c3d8,-229,False
func_J_0x10000c3da,1094,False
func_J_0x10000c582,-832,False
func_Je_0x100008399,490,False
func_Je_0x10000ad42,-347,True
func_Je_0x10000ad57,137,True
func_Je_0x10000ad59,356,True
func_Je_0x10000ad5b,919,True
func_Je_0x10000ad5f,1068,False
func_Je_0x10000ad65,-630,False
func_Je_0x10000ad69,-135,True
func_Je_0x10000ad6b,-269,True
func_Je_0x10000ad6d,686,True
func_Je_0x10000ad71,1041,False
func_Je_0x10000ad79,-341,True
func_Je_0x10000ad7b,882,True
func_Je_0x10000ad7d,607,True
func_Je_0x10000ad83,569,True
func_Je_0x10000ad89,29,True
func_Je_0x10000ad8b,-80,True
func_Je_0x10000ad93,113,False
func_Je_0x10000ad97,443,False
func_Je_0x10000ad99,329,True
func_Je_0x10000ad9b,432,False
func_Je_0x10000ada1,-590,False
func_Je_0x10000ada3,790,True
func_Je_0x10000ada5,814,False
func_Je_0x10000ada7,732,True
func_Je_0x10000ada9,267,False
func_Je_0x10000adad,-359,False
func_Je_0x10000adb1,-614,True
func_Je_0x10000adb5,-336,False
func_Je_0x10000adbb,-758,True
func_Je_0x10000ae4d,-179,True
func_Je_0x10000ae57,-319,True
func_Je_0x10000b09d,-38,False
func_Je_0x10000b0ae,506,True
func_Je_0x10000b0b4,230,False
func_Je_0x10000b0d6,268,False
func_Je_0x10000b0e2,438,False
func_Je_0x10000b0e8,-164,True
func_Je_0x10000b0f8,735,True
func_Je_0x10000b0fe,-633,False
func_Je_0x10000b110,107,False
func_Je_0x10000b11c,839,False
func_Je_0x10000b13d,1006,True
func_Je_0x10000b143,-697,False
func_Je_0x10000b149,-641,False
func_Je_0x10000b14f,993,False
func_Ji_0x100004ef8,-446,True
func_Ji_0x100004efa,799,False
func_Jt_0x1000005ed,-274,False
func_Jt_0x100000816,-367,False
func_Jt_0x100000819,1002,True
func_Jt_0x10000081b,1117,True
func_Jt_0x100004d49,-403,True
func_Jt_0x10000a563,529,False
func_Jt_0x10000a565,-426,False
func_Jt_0x10000a56a,845,True
func_Jt_0x10000a56c,580,True
func_Jt_0x10000bdd1,1024,True
func_Jt_0x10000c121,677,True
func_Jt_0x10000c125,126,True
func_Jt_0x10000c12d,413,False
func_Jt_0x10000c131,523,False
func_Jt_0x10000c133,1074,True
func_Jt_0x10000c135,675,False
func_Jt_0x10000c137,-188,False
func_Jt_0x10000c13d,679,False
func_Jt_0x10000c13f,410,True
func_Jt_0x10000c145,444,False
func_Jt_0x10000c147,375,True
func_Jt_0x10000c14b,209,True
func_Jt_0x10000c14d,-234,False
func_Jt_0x10000c14f,658,False
func_Jt_0x10000c153,631,False
func_Jt_0x10000c165,296,True
func_Jt_0x10000c1e4,1078,False
func_Jt_0x10000c1e6,-668,False
func_Jt_0x10000c1ea,4,True
func_Jt_0x10000c23a,671,True
func_Ju_0x100005303,15,True
func_Ju_0x1000054d8,-479,True
func_Ju_0x100005573,18,True
func_Ju_0x100005595,-506,False
func_K_0x10000374e,-372,True
func_K_0x10000376b,777,False
func_K_0x10000376d,882,False
func_K_0x10000376f,997,False
func_K_0x100003773,307,False
func_K_0x100003775,-481,False
func_K_0x100003777,-498,True
func_K_0x10000377b,-132,False
func_K_0x10000377d,71,True
func_K_0x10000377f,1133,True
func_K_0x100003785,179,False
func_K_0x100003787,547,True
func_K_0x10000378b,769,True
func_K_0x10000378d,-251,True
func_K_0x10000378f,-325,True
func_K_0x1000038d6,336,False
func_K_0x1000038d8,-587,True
func_K_0x1000038da,1103,False
func_K_0x1000038de,443,True
func_K_0x1000038e0,421,True
func_K_0x1000038e6,16,True
func_K_0x1000038e8,617,True
func_K_0x100003ad9,-403,False
func_K_0x100003be0,-54,False
func_K_0x100003dc9,150,False
func_K_0x100003fed,-413,False
func_K_0x10000410b,-170,False
func_K_0x1000041c2,549,True
func_K_0x1000041c6,-725,True
func_K_0x1000041db,-394,False
func_K_0x1000041ea,-692,False
func_K_0x100004212,-480,True
func_K_0x100004218,-750,False
func_K_0x10000421c,75,True
func_K_0x10000421e,-435,True
func_K_0x10000426a,149,True
func_K_0x10000426c,930,True
func_K_0x100004270,-664,True
func_K_0x100004272,-530,False
func_K_0x100004274,596,True
func_K_0x100004278,-363,True
func_K_0x10000432a,457,True
func_K_0x100004388,-145,False
func_K_0x10000572c,752,True
func_K_0x10000576c,-816,True
func_K_0x100005842,960,True
func_K_0x100005b3a,895,True
func_K_0x100005bee,789,True
func_K_0x100005fd6,-256,False
func_K_0x100005fde,-399,True
func_K_0x10000606c,-43,True
func_K_0x10000606e,-243,False
func_K_0x100006072,-362,False
func_K_0x100006076,-280,True
func_K_0x100006078,-448,False
func_K_0x10000607a,-227,False
func_K_0x10000607f,882,False
func_K_0x1000061a1,-485,False
func_K_0x100006d8f,781,True
func_K_0x100006fa1,330,True
func_K_0x100006ff8,667,False
func_K_0x1000071af,-759,True
func_K_0x100007221,373,False
func_K_0x100007348,545,True
func_K_0x100007368,-659,True
func_K_0x1000074da,-550,True
func_K_0x1000074dc,489,True
func_K_0x10000755b,124,True
func_K_0x10000755d,-755,True
func_K_0x10000755f,-728,False
func_K_0x100007561,489,False
func_K_0x100007825,373,False
func_K_0x100007ba3,619,True
func_K_0x100007bb1,-72,True
func_K_0x100007bb3,142,True
func_K_0x100007bbb,564,True
func_K_0x100007bbd,1133,False
func_K_0x100007bbf,306,True
func_K_0x100007bc1,-511,False
func_K_0x100007e61,-579,True
func_K_0x100007eb5,915,True
func_K_0x100008244,-554,False
func_K_0x100008248,-269,True
func_K_0x10000835e,966,True
func_K_0x100008360,-345,False
func_K_0x100008dff,-289,False
func_K_0x100008e05,669,False
func_K_0x100008e95,368,False
func_K_0x100008ef3,-547,True
func_K_0x100008f0d,-354,True
func_K_0x100008f13,705,False
func_K_0x100008f23,-78,False
func_K_0x100008f4a,597,True
func_K_0x10000932a,-222,False
func_K_0x100009704,-137,False
func_K_0x100009890,-217,False
func_K_0x1000099ca,-165,False
func_K_0x1000099f1,-797,True
func_K_0x10000a3f3,-418,False
func_K_0x10000a425,945,False
func_K_0x10000a4d6,-271,True
func_K_0x10000a4d8,-762,True
func_K_0x10000a8fd,622,True
func_K_0x10000ab1e,-584,True
func_K_0x10000ae7c,-416,False
func_K_0x10000afa4,322,False
func_K_0x10000b1ea,1111,False
func_K_0x10000b200,-151,True
func_K_0x10000b206,1117,True
func_K_0x10000bb44,-767,False
func_Ke_0x100004349,-839,False
func_Ke_0x10000434d,-581,True
func_Ke_0x100004e3a,-506,False
func_Ke_0x100004e42,127,True
func_Ke_0x100004e4d,-213,True
func_Ke_0x100004e55,1028,True
func_Ke_0x100004e59,805,True
func_Ke_0x100004e5d,-95,True
func_Ke_0x100004e5f,153,False
func_Ke_0x100004e61,464,False
func_Ke_0x100004e63,369,False
func_Ke_0x100004e65,-342,False
func_Ke_0x100004e6d,454,False
func_Ke_0x100004e73,308,False
func_Ke_0x10000580f,685,False
func_Ke_0x1000059b9,59,False
func_Ke_0x1000059bc,-585,True
func_Ke_0x100005ab9,934,True
func_Ke_0x100005b47,469,False
func_Ke_0x100005d63,883,True
func_Ke_0x1000070ba,-852,False
func_Ke_0x1000070bc,-407,False
func_Ke_0x100007587,961,True
func_Ke_0x10000758b,-81,True
func_Ke_0x100007591,982,True
func_Ke_0x1000079e7,-797,True
func_Ke_0x1000079f2,-493,True
func_Ke_0x1000080a7,-827,True
func_Ke_0x100008ed8,-652,True
func_Ke_0x1000092ff,1014,True
func_Ke_0x100009308,-343,True
func_Ke_0x10000931f,943,False
func_Ke_0x10000ab7e,-811,True
func_Ke_0x10000aba6,576,False
func_Ke_0x10000aba8,-641,True
func_Ke_0x10000b79b,-595,False
func_Ke_0x10000bdf7,-476,True
func_Ke_0x10000c286,569,False
func_Ke_0x10000c288,-79,True
func_Ke_0x10000c2c1,-730,False
func_Ke_0x10000c368,184,False
func_Ke_0x10000c450,-702,False
func_Ke_0x10000c497,30,True
func_Ki_0x10000880d,-302,False
func_Ki_0x10000880f,-593,False
func_Kn_0x10000bb76,-65,True
func_Kn_0x10000c031,899,True
func_Kn_0x10000c181,271,False
func_Kr_0x1000005eb,693,False
func_Kr_0x10000078c,595,True
func_Kr_0x100000814,950,False
func_Kr_0x100004d55,-365,True
func_Kr_0x100004d58,-84,True
func_Kr_0x1000072fb,853,True
func_Kr_0x1000072ff,-832,False
func_Kr_0x100007301,892,True
func_Kr_0x100007303,-275,False
func_Kr_0x100007307,337,True
func_Kr_0x10000a50a,982,False
func_Kr_0x10000a547,1084,False
func_Kr_0x10000a549,-770,False
func_Kr_0x10000c12b,-488,True
func_Kr_0x10000c141,326,True
func_Kr_0x10000c157,435,False
func_Kr_0x10000c15b,161,True
func_Kr_0x10000c163,218,True
func_Kr_0x10000c167,-339,True
func_Kr_0x10000c248,1144,True
func_Kt_0x10000712d,-557,False
func_Kt_0x100007140,-675,True
func_Kt_0x10000a94a,-762,False
func_Kt_0x10000a950,-289,False
func_Kt_0x10000a97f,149,False
func_Kt_0x10000aa27,19,True
func_Kt_0x10000aa2b,-447,True
func_Kt_0x10000b959,-723,False
func_Kt_0x10000b97e,942,False
func_Kt_0x10000b9a3,724,False
func_Kt_0x10000b9d5,318,False
func_Kt_0x10000c177,348,True
func_Kt_0x10000c1c2,593,False
func_Kt_0x10000c1ff,711,False
func_L_0x100000223,764,False
func_L_0x100000225,247,True
func_L_0x100000227,-88,False
func_L_0x10000339b,65,True
func_L_0x1000033c0,-1,False
func_L_0x1000037bb,980,False
func_L_0x1000037bf,-364,True
func_L_0x100003967,1133,False
func_L_0x1000039b0,110,False
func_L_0x1000039e0,1138,False
func_L_0x100003ba2,1088,True
func_L_0x10000423d,-684,False
func_L_0x100004301,960,False
func_L_0x100004372,125,True
func_L_0x100004471,-733,False
func_L_0x100004b6a,-744,False
func_L_0x100004b6f,-435,True
func_L_0x100004c1c,-677,False
func_L_0x100004c2e,-137,False
func_L_0x100004c3a,-565,False
func_L_0x100004ca9,953,True
func_L_0x100004cad,-189,True
func_L_0x100005759,229,False
func_L_0x1000057f8,-564,True
func_L_0x100005fdc,599,True
func_L_0x100005fe5,-677,True
func_L_0x1000061c9,-142,True
func_L_0x100006809,-75,True
func_L_0x10000680c,345,True
func_L_0x100006810,1027,False
func_L_0x100006b39,947,False
func_L_0x100006b3b,968,False
func_L_0x100007090,242,False
func_L_0x100007094,-765,False
func_L_0x100007099,-716,True
func_L_0x10000723a,293,False
func_L_0x100007402,-415,False
func_L_0x10000740c,-754,True
func_L_0x10000745b,985,True
func_L_0x100007463,741,True
func_L_0x100007468,-655,True
func_L_0x10000749d,965,True
func_L_0x1000074d5,-704,False
func_L_0x1000074f8,404,True
func_L_0x1000075d5,1030,False
func_L_0x100007637,154,True
func_L_0x100007639,129,False
func_L_0x1000079a7,1084,False
func_L_0x1000079a9,970,False
func_L_0x1000079b3,989,True
func_L_0x1000081be,-332,False
func_L_0x10000822d,1103,True
func_L_0x1000082ad,-425,False
func_L_0x100008ba9,949,True
func_L_0x100008bab,-562,False
func_L_0x100008bb3,753,False
func_L_0x100008cbf,766,True
func_L_0x100008cd8,1102,True
func_L_0x100008e36,808,True
func_L_0x100008f56,561,True
func_L_0x100009120,944,False
func_L_0x100009130,997,True
func_L_0x10000991a,580,True
func_L_0x10000991c,710,True
func_L_0x100009920,722,True
func_L_0x100009922,-825,False
func_L_0x100009924,-713,True
func_L_0x10000996c,283,False
func_L_0x10000a618,-358,False
func_L_0x10000a625,-363,False
func_L_0x10000aa53,1112,True
func_L_0x10000aa70,-446,True
func_L_0x10000aa87,329,True
func_L_0x10000aa96,-848,False
func_L_0x10000aa9a,-142,False
func_L_0x10000aafd,607,True
func_L_0x10000aea2,625,False
func_L_0x10000aeb6,-671,False
func_L_0x10000b360,-821,False
func_L_0x10000b44a,521,False
func_L_0x10000b44c,-318,True
func_L_0x10000b463,729,False
func_L_0x10000b56c,-374,True
func_L_0x10000b5b0,102,False
func_L_0x10000b7e9,-40,False
func_L_0x10000b7eb,-250,False
func_L_0x10000b7ed,628,False
func_L_0x10000b830,-753,True
func_L_0x10000bab4,-609,True
func_L_0x10000bab9,969,True
func_L_0x10000babe,-672,False
func_L_0x10000bf1e,-655,False
func_L_0x10000bf52,-87,True
func_L_0x10000c3a0,-814,True
func_L_0x10000c3a3,-109,False
func_L_0x10000c4a4,-682,True
func_L_0x10000c4e9,218,False
func_L_0x10000c507,-641,True
func_La_0x10000882f,1047,False
func_Le_0x1000044dc,751,False
func_Le_0x1000044de,-356,False
func_Le_0x100005793,173,False
func_Le_0x100005795,757,False
func_Le_0x100005cef,291,False
func_Le_0x100005dd4,698,False
func_Le_0x1000060cf,426,True
func_Le_0x1000061f2,690,True
func_Le_0x10000625f,-244,False
func_Le_0x1000091bf,-629,False
func_Le_0x100009c1d,-128,True
func_Le_0x100009c21,-91,False
func_Le_0x10000c5af,-699,True
func_Le_0x10000c610,1041,False
func_Ln_0x1000083b3,-195,True
func_Ln_0x1000083b5,-588,True
func_Ln_0x100008448,-319,True
func_Lt_0x1000046dd,-203,True
func_Lt_0x1000046e2,-499,True
func_Lt_0x1000046e9,-778,True
func_Lt_0x1000046f4,-502,False
func_Lt_0x1000046f6,38,False
func_Lt_0x1000046f8,1019,True
func_Lt_0x100004709,-466,False
func_Lt_0x100004759,792,False
func_Lt_0x1000047c7,-797,False
func_Lt_0x1000047d1,23,True
func_Lt_0x100004823,500,False
func_Lt_0x1000049a2,239,False
func_Lt_0x1000049a6,-209,False
func_Lt_0x1000049ac,1099,False
func_Lt_0x1000049b1,-39,False
func_M_0x1000035a8,449,True
func_M_0x10000381d,-422,False
func_M_0x10000381f,194,True
func_M_0x100003823,742,True
func_M_0x100003827,1125,False
func_M_0x10000382b,1054,True
func_M_0x100003831,851,False
func_M_0x10000383b,423,True
func_M_0x1000038d1,522,True
func_M_0x100003e4f,893,False
func_M_0x100003e51,274,True
func_M_0x100003e53,-509,True
func_M_0x100003e78,866,False
func_M_0x100003e7f,-179,True
func_M_0x100003f5e,1132,True
func_M_0x100003fc4,413,True
func_M_0x100003fc6,-335,False
func_M_0x100004106,-304,True
func_M_0x100004137,518,False
func_M_0x1000042e9,-801,True
func_M_0x1000043b2,-437,False
func_M_0x100004a9e,-554,False
func_M_0x100004aa9,-108,True
func_M_0x100004ea3,965,True
func_M_0x1000056c6,41,False
func_M_0x1000056cc,111,True
func_M_0x1000056d0,-696,False
func_M_0x1000056d2,52,False
func_M_0x1000056ee,-612,False
func_M_0x1000056f7,775,True
func_M_0x1000056f9,842,True
func_M_0x100005767,245,False
func_M_0x100005c08,1122,False
func_M_0x100005c14,-237,True
func_M_0x100005e0d,149,True
func_M_0x100005e68,-693,False
func_M_0x100005e6e,845,True
func_M_0x100005ead,760,False
func_M_0x100005fe2,742,True
func_M_0x1000062cb,101,True
func_M_0x1000064ca,-523,True
func_M_0x1000064ef,841,True
func_M_0x1000064f3,876,False
func_M_0x1000064fb,-750,False
func_M_0x100006d31,435,True
func_M_0x100006d33,775,True
func_M_0x100006d37,394,True
func_M_0x100006d3d,-24,True
func_M_0x100006d3f,321,False
func_M_0x100006d61,-399,True
func_M_0x100006d68,-460,False
func_M_0x100007342,-596,False
func_M_0x1000074aa,78,True
func_M_0x100007544,479,False
func_M_0x1000075dc,573,False
func_M_0x10000780d,518,True
func_M_0x100007811,412,False
func_M_0x100007b40,644,True
func_M_0x100007c34,929,True
func_M_0x100008ae7,604,False
func_M_0x100008aeb,-288,False
func_M_0x100008af1,-751,True
func_M_0x100008af7,657,True
func_M_0x100008afd,1082,True
func_M_0x100008b01,-827,True
func_M_0x100008b03,-338,True
func_M_0x100008b0b,-581,True
func_M_0x100008b0d,35,True
func_M_0x10000932f,-562,False
func_M_0x100009331,1119,True
func_M_0x10000a3e7,446,True
func_M_0x10000a68a,-383,True
func_M_0x10000a81b,1137,False
func_M_0x10000a81d,-846,False
func_M_0x10000a823,493,False
func_M_0x10000a831,-384,False
func_M_0x10000a869,389,True
func_M_0x10000a86b,795,True
func_M_0x10000a86d,-248,True
func_M_0x10000a8cc,774,False
func_M_0x10000a8dc,-34,True
func_M_0x10000a8e0,1124,True
func_M_0x10000a8e5,184,False
func_M_0x10000a925,829,True
func_M_0x10000aa9f,152,False
func_M_0x10000aaa1,-449,True
func_M_0x10000aea8,947,True
func_M_0x10000aeaa,-737,True
func_M_0x10000b209,300,True
func_M_0x10000b20b,574,False
func_M_0x10000b210,922,True
func_M_0x10000b212,-472,False
func_M_0x10000b44f,-465,True
func_M_0x10000b451,16,True
func_M_0x10000b457,-611,True
func_M_0x10000b492,538,True
func_M_0x10000b498,-300,False
func_M_0x10000b49a,-500,True
func_M_0x10000b589,278,True
func_M_0x10000b58b,1013,False
func_M_0x10000b58d,1143,True
func_M_0x10000b596,991,False
func_M_0x10000b59a,674,True
func_M_0x10000ba14,393,True
func_M_0x10000be18,1060,True
func_M_0x10000be1e,-735,True
func_M_0x10000be22,482,True
func_M_0x10000be24,-79,False
func_M_0x10000be26,748,False
func_M_0x10000c4ce,604,False
func_M_0x10000c512,337,False
func_M_0x10000c514,1148,True
func_M_0x10000c517,-357,True
func_M_0x10000c519,610,True
func_Me_0x100004353,-687,False
func_Me_0x1000044a3,1027,False
func_Me_0x1000057bf,-33,False
func_Me_0x100005cc6,855,False
func_Me_0x100005cf7,779,False
func_Me_0x100005d98,1043,True
func_Me_0x100005e3e,568,True
func_Me_0x100005e52,-466,False
func_Me_0x100005e54,-166,True
func_Me_0x100006100,525,False
func_Me_0x10000610b,-770,False
func_Me_0x10000697a,971,True
func_Me_0x10000698b,-241,True
func_Me_0x100006ad2,-227,False
func_Me_0x100006adc,158,False
func_Me_0x100006b30,-661,True
func_Me_0x100006c8e,133,True
func_Me_0x100006c92,955,True
func_Me_0x100006cca,-654,False
func_Me_0x100006cd0,-346,True
func_Me_0x10000786c,429,False
func_Me_0x100008085,888,True
func_Me_0x100009305,-657,False
func_Me_0x1000097eb,1116,False
func_Me_0x1000097ef,1113,True
func_Me_0x1000097f7,-236,False
func_Me_0x100009818,-665,True
func_Me_0x100009c39,556,True
func_Me_0x100009d32,686,False
func_Me_0x100009d34,1105,True
func_Me_0x100009d36,-734,True
func_Me_0x100009d38,-496,True
func_Me_0x100009d3c,-604,False
func_Me_0x100009d3e,729,False
func_Me_0x100009d40,475,True
func_Me_0x100009d46,441,False
func_Me_0x100009d48,-370,False
func_Me_0x100009d52,-806,True
func_Me_0x100009d58,530,True
func_Me_0x100009d5c,302,True
func_Me_0x10000a1ae,653,True
func_Me_0x10000a1b2,400,False
func_Me_0x10000a6ec,1053,False
func_Me_0x10000b833,897,False
func_Me_0x10000b837,-237,False
func_Me_0x10000b83b,147,False
func_Me_0x10000b843,-74,True
func_Me_0x10000b845,-537,False
func_Me_0x10000b84d,-17,True
func_Me_0x10000b851,-142,True
func_Me_0x10000b855,-264,True
func_Me_0x10000b865,-433,True
func_Me_0x10000ba28,-488,False
func_Me_0x10000c070,844,True
func_Me_0x10000c2ca,325,False
func_Me_0x10000c48b,1071,False
func_Me_0x10000c5a6,40,False
func_Me_0x10000c635,340,False
func_Me_0x10000c637,-168,True
func_Me_0x10000c63f,-59,False
func_Mi_0x100004ef1,798,True
func_Mi_0x10000552a,-104,False
func_Mn_0x100004f07,662,False
func_Mn_0x1000050cd,512,True
func_Mr_0x1000007fa,151,False
func_Mr_0x100000812,-427,False
func_Mr_0x100003c6b,-622,False
func_Mr_0x100004050,536,True
func_Mr_0x100004056,-367,True
func_Mr_0x10000405a,872,True
func_Mr_0x10000bfbb,-248,True
func_Mr_0x10000c028,142,True
func_Mr_0x10000c036,444,True
func_Mr_0x10000c03b,83,True
func_Mr_0x10000c040,-101,True
func_Mr_0x10000c047,-67,False
func_Mr_0x10000c1d7,1072,True
func_Mt_0x1000043dc,-366,False
func_Mt_0x100004492,-661,False
func_Mt_0x100004494,676,True
func_Mt_0x100004498,943,True
func_Mt_0x10000449c,-391,False
func_Mt_0x1000044fe,-32,True
func_Mt_0x1000057c3,-837,False
func_Mt_0x100005c56,1142,True
func_Mt_0x100005cb4,-394,True
func_Mt_0x100005d68,-849,True
func_Mt_0x100005dc8,1131,True
func_Mt_0x100005dda,828,True
func_Mt_0x1000060d6,915,True
func_Mt_0x1000060d8,-272,True
func_Mt_0x1000061f8,-219,False
func_Mt_0x100006213,841,True
func_Mt_0x10000699f,763,False
func_Mt_0x1000069a3,-344,True
func_Mt_0x1000069a7,-384,True
func_Mt_0x1000069a9,384,True
func_Mt_0x1000069ab,-614,False
func_Mt_0x1000069b2,674,True
func_Mt_0x100006cd4,533,True
func_Mt_0x100007a05,-816,False
func_Mt_0x100007a07,192,False
func_Mt_0x100007a0a,140,True
func_Mt_0x100007a0e,276,False
func_Mt_0x100007a10,731,True
func_Mt_0x100007a12,817,False
func_Mt_0x100009c27,-683,True
func_Mt_0x10000b872,-838,True
func_Mt_0x10000c2e8,690,True
func_Mt_0x10000c2ea,880,True
func_Mt_0x10000c2ec,741,False
func_Mt_0x10000c5ab,685,False
func_Mt_0x10000c681,-425,False
func_Mu_0x10000360f,6,True
func_Mu_0x100003611,1049,True
func_Mu_0x100003619,13,True
func_Mu_0x10000361b,-620,True
func_Mu_0x10000361f,278,False
func_Mu_0x100003621,874,True
func_Mu_0x100003627,863,False
func_Mu_0x10000362b,773,False
func_Mu_0x10000362d,-78,True
func_Mu_0x100003633,1122,True
func_Mu_0x100003635,-767,False
func_Mu_0x100003637,5,False
func_Mu_0x100003639,727,True
func_Mu_0x100003641,-169,True
func_Mu_0x100003643,-216,True
func_Mu_0x100003647,256,False
func_Mu_0x10000364f,307,True
func_N0_0x100004efc,458,False
func_N_0x1000001e9,-775,False
func_N_0x10000353c,-566,True
func_N_0x100003540,-626,True
func_N_0x100003546,991,True
func_N_0x10000355e,570,True
func_N_0x100003562,18,False
func_N_0x1000039db,530,True
func_N_0x100003b88,-328,True
func_N_0x100003be9,678,True
func_N_0x100003fcc,-49,False
func_N_0x100004239,-667,False
func_N_0x100004262,1046,True
func_N_0x1000042de,-803,True
func_N_0x1000042e0,-271,False
func_N_0x1000043aa,462,True
func_N_0x100004440,151,False
func_N_0x100004442,197,False
func_N_0x100004b54,1143,True
func_N_0x100004b62,327,False
func_N_0x100004b64,-10,False
func_N_0x100004b77,-433,True
func_N_0x100004c26,-449,True
func_N_0x100004c2b,-386,False
func_N_0x100004c40,721,False
func_N_0x100004c42,-568,True
func_N_0x100005731,543,False
func_N_0x100005743,-402,False
func_N_0x10000574d,-403,False
func_N_0x10000575d,203,True
func_N_0x100005910,-763,True
func_N_0x100005912,-402,True
func_N_0x100005914,-751,True
func_N_0x100005916,116,True
func_N_0x10000591a,-728,True
func_N_0x10000591c,1035,True
func_N_0x100005920,-86,False
func_N_0x10000596c,-183,True
func_N_0x100005974,-595,False
func_N_0x100005978,1047,False
func_N_0x100005b35,-702,True
func_N_0x100005b37,1044,True
func_N_0x10000618b,152,False
func_N_0x100006196,-290,False
func_N_0x100006198,382,False
func_N_0x1000061ce,-545,True
func_N_0x1000061d0,296,False
func_N_0x100006536,183,True
func_N_0x1000065b0,-382,False
func_N_0x100006f9d,112,False
func_N_0x100006f9f,569,False
func_N_0x100006fbe,1029,True
func_N_0x100006fd4,673,True
func_N_0x10000703f,878,False
func_N_0x100007046,-97,True
func_N_0x1000071b7,-175,False
func_N_0x1000071b9,-19,True
func_N_0x1000071e7,1090,False
func_N_0x1000071e9,-276,True
func_N_0x1000071ef,569,True
func_N_0x100007238,376,False
func_N_0x100007361,-653,True
func_N_0x10000745f,640,False
func_N_0x1000074e2,276,True
func_N_0x1000075d7,-114,True
func_N_0x1000075e3,674,False
func_N_0x1000075e7,475,True
func_N_0x1000075eb,622,True
func_N_0x10000763b,-431,False
func_N_0x10000763f,880,False
func_N_0x1000077f4,882,False
func_N_0x1000078ff,-384,True
func_N_0x1000079b4,37,True
func_N_0x100007d51,-125,False
func_N_0x100007ddb,-373,True
func_N_0x100007ddd,406,True
func_N_0x100007de0,-432,True
func_N_0x100007de5,387,True
func_N_0x100007de9,-677,False
func_N_0x100007deb,729,True
func_N_0x10000822f,-504,True
func_N_0x100008254,-56,False
func_N_0x100008286,680,False
func_N_0x10000828e,-347,True
func_N_0x1000082a0,-23,False
func_N_0x10000836b,376,True
func_N_0x100008370,654,True
func_N_0x100008e2e,588,False
func_N_0x100008e30,857,True
func_N_0x100008f41,-173,False
func_N_0x100009121,-384,False
func_N_0x100009131,-148,False
func_N_0x100009133,-663,True
func_N_0x1000092b7,-104,False
func_N_0x10000947d,-760,True
func_N_0x100009598,886,False
func_N_0x1000095a7,859,True
func_N_0x1000096c7,-40,False
func_N_0x1000096c9,620,False
func_N_0x10000995f,-584,False
func_N_0x100009f3c,-302,True
func_N_0x100009f3e,111,True
func_N_0x100009f42,-728,False
func_N_0x10000a3cb,1082,True
func_N_0x10000a3cf,-653,True
func_N_0x10000a611,-336,True
func_N_0x10000a70e,764,True
func_N_0x10000aee6,424,False
func_N_0x10000aee8,135,True
func_N_0x10000aeea,-203,False
func_N_0x10000aeec,205,False
func_N_0x10000aef0,380,False
func_N_0x10000b3bc,497,True
func_N_0x10000b481,-232,True
func_N_0x10000b483,748,True
func_N_0x10000b487,-332,False
func_N_0x10000b48b,-612,False
func_N_0x10000baaf,1031,True
func_N_0x10000bab2,-705,True
func_N_0x10000bef4,188,True
func_N_0x10000bef6,478,True
func_N_0x10000befa,351,True
func_N_0x10000befe,842,False
func_N_0x10000bf00,181,True
func_N_0x10000bf02,430,True
func_N_0x10000c524,408,True
func_Ne_0x100000788,412,True
func_Ne_0x100000829,-248,True
func_Ne_0x10000082f,659,True
func_Ne_0x100004d46,67,True
func_Ne_0x100004d48,-152,False
func_Ne_0x100008396,213,True
func_Ne_0x100008d40,-324,True
func_Ne_0x100008d42,-505,True
func_Ne_0x1000093cf,-278,False
func_Ne_0x10000a4fc,-449,False
func_Ne_0x10000a55b,1134,False
func_Ne_0x10000bdcb,242,True
func_Ne_0x10000c0c3,197,True
func_Ne_0x10000c0c9,772,False
func_Ne_0x10000c0cb,419,False
func_Ni_0x1000083d5,927,True
func_Ni_0x1000083ef,-190,False
func_Ni_0x1000083f1,-793,False
func_Ni_0x1000083f5,-378,True
func_Nn_0x1000007d8,-634,True
func_Nn_0x1000040ca,910,True
func_Nn_0x1000040dc,716,False
func_Nn_0x10000c018,483,True
func_Nt_0x100004f12,443,True
func_Nu_0x10000365e,568,True
func_O_0x100003397,187,False
func_O_0x1000039dd,745,False
func_O_0x100003b7c,-454,True
func_O_0x100003b7e,-163,True
func_O_0x100003b86,624,False
func_O_0x100003b8c,846,False
func_O_0x100003b92,-236,False
func_O_0x10000425e,-517,True
func_O_0x100004260,831,True
func_O_0x100004385,507,True
func_O_0x1000043a2,-263,False
func_O_0x1000043a4,122,True
func_O_0x1000043a6,783,True
func_O_0x1000043a8,598,True
func_O_0x100004b52,-376,False
func_O_0x100004c22,-436,True
func_O_0x100004c24,-502,False
func_O_0x100004c3c,431,True
func_O_0x100004c3e,191,True
func_O_0x100004c45,42,True
func_O_0x100004c47,555,False
func_O_0x100004c55,787,True
func_O_0x100005804,382,False
func_O_0x1000058f8,-603,False
func_O_0x10000590e,-692,True
func_O_0x100005918,-488,True
func_O_0x10000591e,673,True
func_O_0x100005924,559,False
func_O_0x100005fe0,-842,False
func_O_0x100005fe7,-386,False
func_O_0x100006192,544,False
func_O_0x100006194,-722,False
func_O_0x1000065a6,986,True
func_O_0x1000065aa,917,False
func_O_0x1000065ac,575,False
func_O_0x100006efe,242,False
func_O_0x100007044,-178,True
func_O_0x100007049,284,False
func_O_0x1000071d2,-715,True
func_O_0x1000071d9,472,True
func_O_0x1000071ed,1140,True
func_O_0x1000071f1,529,True
func_O_0x100007236,1048,True
func_O_0x1000073b4,820,False
func_O_0x100007406,826,False
func_O_0x10000740a,281,True
func_O_0x1000075e9,727,False
func_O_0x1000075ed,-800,False
func_O_0x10000768f,937,False
func_O_0x1000078fd,-325,False
func_O_0x100007901,-524,False
func_O_0x100007b0e,648,False
func_O_0x10000820b,157,True
func_O_0x100008232,-127,False
func_O_0x100008258,1011,False
func_O_0x1000082a5,1061,True
func_O_0x1000082a7,562,True
func_O_0x100008382,50,True
func_O_0x10000838a,-298,True
func_O_0x100008ba3,50,True
func_O_0x100008ba7,-211,True
func_O_0x100008bad,645,True
func_O_0x100008baf,-573,True
func_O_0x100008cd9,355,False
func_O_0x100008dc3,392,True
func_O_0x100009123,-261,False
func_O_0x100009129,637,True
func_O_0x100009288,190,True
func_O_0x1000092e5,-102,False
func_O_0x100009468,-678,True
func_O_0x10000959a,-789,False
func_O_0x10000959f,897,True
func_O_0x1000095a1,279,False
func_O_0x1000095a3,670,False
func_O_0x10000995d,-130,False
func_O_0x100009d1b,816,True
func_O_0x100009d1e,615,True
func_O_0x100009d20,-720,False
func_O_0x100009d9e,1024,False
func_O_0x100009f48,432,True
func_O_0x10000a37c,586,False
func_O_0x10000a37e,-618,False
func_O_0x10000a4d1,773,True
func_O_0x10000a5f4,544,True
func_O_0x10000a5f6,313,False
func_O_0x10000a61b,208,False
func_O_0x10000a621,537,True
func_O_0x10000a623,-350,True
func_O_0x10000a81a,-348,True
func_O_0x10000a8f6,20,False
func_O_0x10000a8f8,834,False
func_O_0x10000a90e,224,True
func_O_0x10000a911,616,False
func_O_0x10000aa56,429,True
func_O_0x10000aa72,-714,True
func_O_0x10000aa83,-806,True
func_O_0x10000accd,429,False
func_O_0x10000ae87,1036,False
func_O_0x10000af34,-153,True
func_O_0x10000bef8,42,True
func_O_0x10000befc,-628,False
func_O_0x10000bf06,152,False
func_O_0x10000bf60,901,True
func_O_0x10000c3ac,-402,True
func_O_0x10000c4ba,42,True
func_O_0x10000c50d,180,True
func_O_0x10000c51e,-387,True
func_Oe_0x10000384e,-443,False
func_Oe_0x100003908,-520,True
func_Oe_0x100003911,555,False
func_Oe_0x100003914,-446,True
func_Oe_0x100003ea7,200,False
func_Oe_0x10000416d,-222,False
func_Oe_0x10000444a,-37,True
func_Oe_0x10000444e,23,True
func_Oe_0x100004452,-366,False
func_Oe_0x100004a8e,-778,True
func_Oe_0x100004e13,-814,False
func_Oe_0x100005893,198,False
func_Oe_0x100005895,364,True
func_Oe_0x1000058a9,876,True
func_Oe_0x100005b3f,561,True
func_Oe_0x100005b4c,-835,True
func_Oe_0x100005b5a,-449,False
func_Oe_0x100005e33,489,False
func_Oe_0x100005e35,37,True
func_Oe_0x1000062c1,81,True
func_Oe_0x1000070ad,-837,False
func_Oe_0x1000070b9,606,True
func_Oe_0x100007959,-403,False
func_Oe_0x100007965,870,False
func_Oe_0x100007a22,705,True
func_Oe_0x100007a24,-201,False
func_Oe_0x100007f7c,360,False
func_Oe_0x1000097de,720,False
func_Oe_0x100009c2f,495,False
func_Oe_0x100009cbc,705,True
func_Oe_0x100009ce1,581,True
func_Oe_0x10000a8d1,-355,True
func_Oe_0x10000ab91,300,False
func_Oe_0x10000ab93,-302,True
func_Oe_0x10000ab9d,-628,True
func_Oe_0x10000ab9f,-211,True
func_Oe_0x10000aba1,-389,True
func_Oe_0x10000abaf,-430,False
func_Oe_0x10000b3f5,-253,False
func_Oe_0x10000bdf6,-469,False
func_Oe_0x10000c380,-311,False
func_Oe_0x10000c382,-157,True
func_Oe_0x10000c384,1121,False
func_Oe_0x10000c460,-517,True
func_Oe_0x10000c49d,-846,False
func_Oe_0x10000c4c7,981,True
func_Oe_0x10000c677,848,True
func_Oe_0x10000c6a2,371,False
func_On_0x10000839a,905,True
func_On_0x1000083c7,770,False
func_On_0x1000083cc,-286,True
func_On_0x1000083e6,750,False
func_On_0x1000083e8,-752,False
func_On_0x1000083f8,295,False
func_On_0x1000083fe,-576,False
func_On_0x100008402,830,True
func_On_0x100008404,-852,False
func_On_0x10000840e,1101,False
func_On_0x100008416,-595,False
func_On_0x100008418,916,False
func_On_0x10000842c,-431,True
func_On_0x10000842e,-190,True
func_On_0x100008432,328,False
func_On_0x100008438,-772,True
func_Oo_0x10000ae12,-571,True
func_Oo_0x10000ae3b,-350,True
func_Or_0x1000005e7,-252,False
func_Or_0x10000081f,915,False
func_Or_0x100004054,458,False
func_Or_0x10000405e,561,True
func_Or_0x100004063,355,True
func_Or_0x100004065,426,False
func_Or_0x100004067,348,True
func_Or_0x100004069,-718,True
func_Or_0x10000406b,806,False
func_Or_0x1000040b3,-279,False
func_Or_0x1000040b5,-235,False
func_Or_0x1000040c7,-187,False
func_Or_0x1000040d9,787,True
func_Or_0x10000bfd1,586,True
func_Or_0x10000c158,-237,False
func_Ou_0x100003606,170,False
func_Ou_0x10000360a,-201,True
func_Ou_0x10000adbf,242,False
func_Ou_0x10000b0bd,246,True
func_Ou_0x10000b0c1,-679,True
func_P_0x10000012e,-528,False
func_P_0x1000001bb,715,False
func_P_0x1000001bd,335,True
func_P_0x100000312,781,False
func_P_0x100000318,679,True
func_P_0x10000339d,-844,False
func_P_0x100003965,-553,True
func_P_0x100003969,-769,True
func_P_0x10000396f,1123,False
func_P_0x1000039cc,517,True
func_P_0x1000039ce,257,False
func_P_0x1000039d0,142,False
func_P_0x1000039d4,938,False
func_P_0x1000039d6,426,True
func_P_0x1000039fa,1004,False
func_P_0x100003ace,1086,True
func_P_0x1000041b7,758,False
func_P_0x1000041f5,735,True
func_P_0x1000041f7,393,True
func_P_0x10000420b,-726,True
func_P_0x10000420f,519,False
func_P_0x1000042d2,-813,True
func_P_0x1000042d4,-480,False
func_P_0x100004a6a,-170,True
func_P_0x100004b41,480,False
func_P_0x100004c49,505,True
func_P_0x100004ca3,818,False
func_P_0x100004dfd,1025,False
func_P_0x100004dff,193,False
func_P_0x100004e09,1088,False
func_P_0x1000056ab,881,True
func_P_0x100005bd6,461,False
func_P_0x100005ee6,-294,True
func_P_0x100005f83,-739,False
func_P_0x100005f89,72,True
func_P_0x100005f8b,-312,True
func_P_0x10000628b,-223,False
func_P_0x1000064c1,222,False
func_P_0x100006b3e,-335,True
func_P_0x100006d0b,27,True
func_P_0x100006d0d,-767,False
func_P_0x100006d14,-389,False
func_P_0x100006d27,73,False
func_P_0x100006d29,-136,False
func_P_0x1000071bd,-446,True
func_P_0x100007431,-455,False
func_P_0x100007477,-472,True
func_P_0x1000077e6,-725,False
func_P_0x100007c05,-175,True
func_P_0x100007ea3,451,True
func_P_0x1000081c5,257,True
func_P_0x10000824f,-588,True
func_P_0x10000855c,-590,False
func_P_0x100008f35,-76,False
func_P_0x100008f4e,-211,False
func_P_0x100008f58,208,False
func_P_0x100009035,-829,False
func_P_0x100009044,-766,True
func_P_0x100009118,488,True
func_P_0x100009138,856,True
func_P_0x10000913a,585,True
func_P_0x10000913c,-532,False
func_P_0x10000923d,180,True
func_P_0x100009267,-519,False
func_P_0x10000926a,-678,False
func_P_0x10000926d,375,True
func_P_0x100009291,772,True
func_P_0x100009438,-312,False
func_P_0x10000943e,-338,True
func_P_0x100009442,332,True
func_P_0x10000956d,531,True
func_P_0x10000956f,1047,True
func_P_0x100009585,1018,True
func_P_0x10000998b,761,True
func_P_0x100009a04,1045,True
func_P_0x10000a004,901,True
func_P_0x10000a12c,125,False
func_P_0x10000a6f5,-808,False
func_P_0x10000a7fa,-298,False
func_P_0x10000a7fe,-598,False
func_P_0x10000a919,-138,False
func_P_0x10000a91b,712,False
func_P_0x10000b614,817,False
func_P_0x10000b7c7,-77,True
func_P_0x10000b7c9,161,False
func_P_0x10000b7cb,1053,False
func_P_0x10000ba79,-361,False
func_P_0x10000bf50,662,True
func_P_0x10000bf5c,-61,True
func_P_0x10000c370,-430,True
func_P_0x10000c597,722,False
func_P_0x10000c66b,-509,False
func_Pa_0x100005506,1096,True
func_Pe_0x10000020d,-566,True
func_Pe_0x10000384f,220,True
func_Pe_0x100003e0b,102,True
func_Pe_0x10000580c,566,True
func_Pe_0x1000058a3,381,False
func_Pe_0x100005b42,868,False
func_Pe_0x100005b46,-578,False
func_Pe_0x100005e2d,303,True
func_Pe_0x1000062b8,427,False
func_Pe_0x1000062bf,-689,False
func_Pe_0x10000634b,245,False
func_Pe_0x10000634f,-836,False
func_Pe_0x100006354,1024,False
func_Pe_0x100006c84,863,True
func_Pe_0x100007033,723,False
func_Pe_0x100007035,-654,True
func_Pe_0x100007039,721,False
func_Pe_0x10000795d,16,False
func_Pe_0x100007970,-413,False
func_Pe_0x1000079ed,37,False
func_Pe_0x1000079f8,-742,True
func_Pe_0x100007eec,-6,False
func_Pe_0x100007f76,-112,False
func_Pe_0x100007f98,842,False
func_Pe_0x10000a4c0,-364,True
func_Pe_0x10000a4cd,854,False
func_Pe_0x10000a8d2,-264,True
func_Pe_0x10000b78e,396,True
func_Pe_0x10000bd98,-544,False
func_Pe_0x10000bd9a,-103,False
func_Pe_0x10000c4c5,-170,True
func_Pi_0x1000049b3,242,False
func_Pn_0x1000065fa,742,False
func_Pn_0x1000065fd,1017,False
func_Pn_0x100006686,1141,False
func_Pn_0x10000669a,-705,True
func_Pn_0x1000067a8,1069,True
func_Pn_0x10000b966,-632,True
func_Pn_0x10000b968,-367,True
func_Pn_0x10000b96a,527,False
func_Pn_0x10000b98d,-260,False
func_Pn_0x10000b9b9,500,True
func_Pn_0x10000b9bb,951,False
func_Pn_0x10000b9bd,474,True
func_Pn_0x10000b9bf,632,True
func_Pn_0x10000c216,112,False
func_Pn_0x10000c21c,278,True
func_Pn_0x10000c21e,33,False
func_Pr_0x100004ee6,-765,False
func_Pr_0x100004f05,284,False
func_Pr_0x100004f15,994,True
func_Pr_0x10000503d,-726,False
func_Pr_0x10000503f,-735,True
func_Pr_0x10000504d,-664,True
func_Pr_0x100005055,273,False
func_Pr_0x10000506d,-812,True
func_Pr_0x100005077,-439,False
func_Pr_0x1000050a1,314,False
func_Pr_0x1000050a7,1081,False
func_Pr_0x1000050ad,-224,True
func_Pr_0x1000050b1,-741,True
func_Pr_0x1000050b7,323,True
func_Pr_0x1000050c5,926,False
func_Pr_0x1000050e5,-194,False
func_Pr_0x100005103,-813,False
func_Pr_0x10000510d,929,True
func_Pr_0x10000516a,920,False
func_Pr_0x100005180,-648,True
func_Pr_0x100005182,86,False
func_Pr_0x100005184,978,False
func_Q_0x100000108,1049,True
func_Q_0x10000010a,-815,False
func_Q_0x10000010e,-415,True
func_Q_0x10000011c,-304,False
func_Q_0x10000011e,-838,True
func_Q_0x100000120,1073,False
func_Q_0x100000130,780,True
func_Q_0x1000001c3,634,True
func_Q_0x10000030f,739,True
func_Q_0x10000337b,-494,False
func_Q_0x10000337d,-718,False
func_Q_0x10000337f,406,False
func_Q_0x100003381,1039,True
func_Q_0x100003385,622,False
func_Q_0x100003930,-181,False
func_Q_0x1000039a5,832,False
func_Q_0x100003a00,-602,False
func_Q_0x100003aa5,754,False
func_Q_0x100003d73,408,True
func_Q_0x100003d95,-712,False
func_Q_0x100003e3c,796,False
func_Q_0x100004b40,461,True
func_Q_0x1000051d0,562,True
func_Q_0x1000056a8,-543,True
func_Q_0x100005846,492,False
func_Q_0x100005b6d,27,False
func_Q_0x100005bb9,-309,True
func_Q_0x100005bf7,834,True
func_Q_0x100005c01,-692,True
func_Q_0x100005d15,660,False
func_Q_0x10000628f,553,True
func_Q_0x10000689f,390,False
func_Q_0x100006d1b,-708,True
func_Q_0x10000709f,-711,False
func_Q_0x10000745a,952,True
func_Q_0x100007476,805,False
func_Q_0x1000074fc,-690,True
func_Q_0x10000798e,1141,False
func_Q_0x100007990,-688,False
func_Q_0x100007a42,330,False
func_Q_0x100007be3,1038,True
func_Q_0x100007bf2,386,False
func_Q_0x100007bf4,-198,True
func_Q_0x100007bf8,942,True
func_Q_0x100007c11,188,False
func_Q_0x100007c1b,-523,False
func_Q_0x100007c1f,18,True
func_Q_0x100007c21,660,True
func_Q_0x100007c25,-335,True
func_Q_0x100007d93,584,True
func_Q_0x100007e9f,-737,False
func_Q_0x100007eaa,-702,True
func_Q_0x100008bf2,-2,False
func_Q_0x100008c25,-798,True
func_Q_0x100008ef0,971,True
func_Q_0x100008ffc,686,False
func_Q_0x100009004,555,False
func_Q_0x10000900e,1128,True
func_Q_0x1000090c4,-755,False
func_Q_0x100009140,1030,True
func_Q_0x100009156,868,True
func_Q_0x10000923b,279,True
func_Q_0x100009247,-166,True
func_Q_0x100009262,139,True
func_Q_0x10000928b,1025,True
func_Q_0x100009297,-746,False
func_Q_0x100009299,1099,True
func_Q_0x100009cfb,706,True
func_Q_0x100009d07,-532,False
func_Q_0x100009d0b,3,True
func_Q_0x100009d0d,-127,True
func_Q_0x100009d15,-247,True
func_Q_0x100009f23,543,True
func_Q_0x100009fbb,286,False
func_Q_0x100009fbf,-247,True
func_Q_0x10000a00d,-564,True
func_Q_0x10000a01c,862,True
func_Q_0x10000a126,-512,False
func_Q_0x10000a12e,20,False
func_Q_0x10000a3c4,886,False
func_Q_0x10000a73a,1127,True
func_Q_0x10000a878,471,True
func_Q_0x10000af32,-762,False
func_Q_0x10000b188,1029,False
func_Q_0x10000b190,647,False
func_Q_0x10000b611,1105,False
func_Q_0x10000bb31,692,False
func_Q_0x10000bf34,1039,True
func_Q_0x10000c4ec,864,False
func_Q_0x10000c593,-679,False
func_Q_0x10000c595,-712,False
func_Qe_0x1000044f2,-222,False
func_Qe_0x10000587a,-573,True
func_Qe_0x10000587c,161,False
func_Qe_0x100005c41,-503,False
func_Qe_0x100005cb1,581,False
func_Qe_0x100005ce2,-387,True
func_Qe_0x100005d8d,-616,True
func_Qe_0x100005e1d,-554,True
func_Qe_0x100005e1f,353,False
func_Qe_0x1000060d5,486,False
func_Qe_0x100006114,975,True
func_Qe_0x1000061ef,-754,False
func_Qe_0x100006205,67,True
func_Qe_0x100006ae9,170,False
func_Qe_0x100006aeb,-170,False
func_Qe_0x100007870,111,False
func_Qe_0x1000091bb,353,True
func_Qe_0x1000091ea,-702,False
func_Qe_0x100009206,367,False
func_Qe_0x100009208,99,False
func_Qe_0x10000a0a6,630,False
func_Qe_0x10000a0aa,-133,True
func_Qe_0x10000ab7f,-815,False
func_Qe_0x10000c07e,-40,False
func_Qe_0x10000c082,673,True
func_Qe_0x10000c08c,677,False
func_Qe_0x10000c090,664,True
func_Qe_0x10000c092,-696,True
func_Qe_0x10000c094,892,False
func_Qe_0x10000c096,688,False
func_Qe_0x10000c098,1014,False
func_Qe_0x10000c09a,-251,False
func_Qe_0x10000c0aa,-383,True
func_Qe_0x10000c628,710,True
func_Qe_0x10000c630,776,False
func_Qn_0x100004033,93,True
func_Qn_0x100004039,641,False
func_Qn_0x1000065dd,228,True
func_Qn_0x10000669e,-277,False
func_Qn_0x1000066a0,-18,False
func_Qn_0x1000067dc,778,False
func_Qn_0x100007116,1062,False
func_Qn_0x10000711c,1051,False
func_Qn_0x10000c198,754,True
func_Qn_0x10000c1cb,1082,False
func_Qn_0x10000c1cf,-716,True
func_Qt_0x10000ad45,-706,True
func_Qt_0x10000ad49,-303,False
func_Qt_0x10000ad4b,488,True
func_Qt_0x10000ad4d,-466,False
func_Qt_0x10000ad4f,-468,False
func_Qt_0x10000ad51,396,False
func_Qt_0x10000ad53,378,False
func_Qt_0x10000ad55,54,False
func_Qt_0x10000ad61,605,True
func_Qt_0x10000ad63,806,False
func_Qt_0x10000ad67,700,False
func_Qt_0x10000ad6f,-283,True
func_Qt_0x10000ad73,-756,False
func_Qt_0x10000ad75,154,True
func_Qt_0x10000ad77,-617,True
func_Qt_0x10000ad7f,814,True
func_Qt_0x10000ad81,-298,True
func_Qt_0x10000ad85,684,True
func_Qt_0x10000ad87,-395,False
func_Qt_0x10000ad8d,-625,False
func_Qt_0x10000ad8f,-373,False
func_Qt_0x10000ad95,-160,True
func_Qt_0x10000ad9d,-210,True
func_Qt_0x10000ad9f,256,False
func_Qt_0x10000adab,227,True
func_Qt_0x10000adaf,525,False
func_Qt_0x10000adb3,-781,False
func_Qt_0x10000adb7,669,False
func_Qt_0x10000adb9,50,True
func_Qt_0x10000adbd,818,False
func_Qt_0x10000ade1,277,True
func_Qt_0x10000ade3,48,False
func_Qt_0x10000ae43,645,False
func_Qt_0x10000ae49,-392,True
func_Qt_0x10000ae55,-68,False
func_Qt_0x10000ae5f,272,False
func_Qt_0x10000ae61,-230,False
func_Qu_0x1000083ae,998,False
func_Qu_0x1000083b7,-606,True
func_Qu_0x10000844d,571,True
func_Qu_0x10000844f,-196,True
func_Qu_0x100008451,917,False
func_Qu_0x100008453,-387,True
func_R_0x1000001dc,1060,True
func_R_0x10000352b,871,True
func_R_0x1000037bd,-684,True
func_R_0x100003a8a,-265,False
func_R_0x100003ab8,447,True
func_R_0x100003b80,341,True
func_R_0x100003b82,548,False
func_R_0x100003b84,-306,True
func_R_0x100003b8a,162,True
func_R_0x100003fe1,-753,True
func_R_0x100003fe6,272,True
func_R_0x100003fea,62,False
func_R_0x100003ff9,-511,True
func_R_0x1000041bf,-410,True
func_R_0x100004238,894,True
func_R_0x100004264,100,False
func_R_0x100004b50,86,True
func_R_0x100004b66,-24,True
func_R_0x100004b68,140,True
func_R_0x100004c4a,-690,True
func_R_0x100004c4d,136,True
func_R_0x100005746,613,True
func_R_0x10000575a,124,False
func_R_0x100005769,514,False
func_R_0x1000057fa,-243,True
func_R_0x1000058fa,813,True
func_R_0x1000058fc,809,True
func_R_0x100005945,310,False
func_R_0x100005bf8,-722,False
func_R_0x100005fd3,-330,True
func_R_0x1000061d4,-92,True
func_R_0x1000064a9,71,False
func_R_0x1000064b0,327,False
func_R_0x100006530,1001,False
func_R_0x100006534,948,False
func_R_0x100006549,94,False
func_R_0x1000065ae,546,False
func_R_0x100006d75,-452,True
func_R_0x100006ffd,-20,False
func_R_0x10000703c,-394,False
func_R_0x100007097,372,False
func_R_0x10000709d,-219,True
func_R_0x1000071b3,711,True
func_R_0x1000071b5,218,False
func_R_0x1000073bf,110,True
func_R_0x100007408,-181,True
func_R_0x10000742f,186,True
func_R_0x1000074d7,122,True
func_R_0x100007635,181,False
func_R_0x100007903,1085,False
func_R_0x100007ba2,1066,True
func_R_0x100007c2c,181,False
func_R_0x100007d18,-679,False
func_R_0x100007d50,639,True
func_R_0x100008291,731,True
func_R_0x10000829f,17,False
func_R_0x10000854f,-480,False
func_R_0x100008bb1,399,False
func_R_0x100008bb7,-405,False
func_R_0x100008cb8,462,True
func_R_0x100008cbb,401,False
func_R_0x10000912b,1012,False
func_R_0x100009587,829,False
func_R_0x100009a05,-638,True
func_R_0x100009d22,-550,False
func_R_0x10000a372,974,False
func_R_0x10000a374,96,True
func_R_0x10000a376,420,False
func_R_0x10000a378,-664,False
func_R_0x10000a37a,241,True
func_R_0x10000a5f8,497,True
func_R_0x10000a5fb,672,True
func_R_0x10000a613,100,False
func_R_0x10000a615,-381,True
func_R_0x10000aa51,-539,True
func_R_0x10000aa5c,952,False
func_R_0x10000aa6a,-414,True
func_R_0x10000aa6c,-16,False
func_R_0x10000aa6e,-145,True
func_R_0x10000aa98,-850,False
func_R_0x10000acc7,349,False
func_R_0x10000acc9,13,False
func_R_0x10000accb,-491,True
func_R_0x10000ae75,824,False
func_R_0x10000afa3,1143,True
func_R_0x10000bab6,-449,True
func_R_0x10000bf04,893,False
func_R_0x10000bf12,322,False
func_R_0x10000c4a2,-254,False
func_R_0x10000c4e5,-37,True
func_R_0x10000c4e7,90,True
func_R_0x10000c505,1077,False
func_R_0x10000c509,-191,False
func_R_0x10000c50b,969,False
func_R_0x10000c51c,435,False
func_R_0x10000c520,-307,False
func_Re_0x100005877,569,True
func_Re_0x100005cb5,-405,False
func_Re_0x100005cdd,-586,True
func_Re_0x100005ce5,-41,False
func_Re_0x1000069b7,390,False
func_Re_0x1000069bd,-729,True
func_Re_0x1000069c7,1125,True
func_Re_0x1000069c9,535,True
func_Re_0x1000069d2,612,False
func_Re_0x100006c75,-704,True
func_Re_0x100006cd7,-589,False
func_Re_0x100007aa7,981,False
func_Re_0x100007aac,-459,False
func_Re_0x100007abd,-830,True
func_Re_0x100007acf,192,False
func_Re_0x100007ad1,279,False
func_Re_0x100008d74,948,True
func_Re_0x100008d78,964,False
func_Re_0x100008d8a,492,False
func_Re_0x100008d96,282,False
func_Re_0x100008d9c,-491,True
func_Re_0x100008da0,-492,True
func_Re_0x100008da4,-817,False
func_Re_0x100008da8,138,False
func_Re_0x100008daa,576,False
func_Re_0x100008dac,863,True
func_Re_0x100008db0,265,False
func_Re_0x100008db4,-753,False
func_Re_0x100008db6,-267,True
func_Re_0x1000091dd,-584,False
func_Re_0x1000091df,1005,True
func_Re_0x1000091e1,147,False
func_Re_0x1000091e5,238,False
func_Re_0x100009337,1069,True
func_Re_0x100009d62,961,True
func_Re_0x10000a2fa,-721,False
func_Re_0x10000a309,808,True
func_Re_0x10000a30d,-689,False
func_Re_0x10000a311,1090,True
func_Re_0x10000a315,797,False
func_Re_0x10000a317,1144,True
func_Re_0x10000a327,-314,False
func_Re_0x10000b680,315,True
func_Re_0x10000b688,210,True
func_Re_0x10000b68a,1081,True
func_Re_0x10000b694,56,False
func_Re_0x10000b69a,695,False
func_Re_0x10000b69c,854,False
func_Re_0x10000b69e,124,False
func_Re_0x10000b6a2,387,False
func_Re_0x10000b6a4,-429,False
func_Re_0x10000bdbe,-55,False
func_Re_0x10000c613,-594,False
func_Re_0x10000c647,-291,False
func_Ri_0x100007fd4,853,True
func_Ri_0x10000adf4,977,True
func_Ri_0x10000adf8,-459,False
func_Ri_0x10000adfc,13,True
func_Ri_0x10000adfe,746,True
func_Rn_0x100004049,1077,True
func_Rn_0x1000065d9,-763,True
func_Rn_0x1000065e1,-318,True
func_Rn_0x10000660c,-468,True
func_Rn_0x100007114,-740,True
func_Rn_0x10000b6cd,42,True
func_Rn_0x10000b96c,146,False
func_Rn_0x10000b9b7,584,False
func_Rn_0x10000c1a8,-58,True
func_Rn_0x10000c1d1,1046,False
func_Rt_0x100004f03,956,False
func_Rt_0x100004f0e,774,False
func_Rt_0x100004f10,-67,False
func_Rt_0x10000502e,177,False
func_Rt_0x100005041,978,False
func_Rt_0x100005043,-614,True
func_Rt_0x100005059,254,True
func_Rt_0x10000505d,-153,True
func_Rt_0x100005069,818,False
func_Rt_0x10000506b,1035,True
func_Rt_0x100005079,187,True
func_Rt_0x10000507f,-711,False
func_Rt_0x100005089,158,False
func_Rt_0x100005099,886,True
func_Rt_0x10000509d,1107,True
func_Rt_0x1000050bb,665,False
func_Rt_0x1000050cf,110,True
func_Rt_0x1000050d3,718,True
func_Rt_0x1000050d7,-521,True
func_Rt_0x1000050d9,197,True
func_Rt_0x1000050e7,871,True
func_Rt_0x1000050ed,-467,False
func_Rt_0x1000050f1,831,True
func_Rt_0x1000050f9,806,False
func_Rt_0x1000050fd,-37,False
func_Rt_0x100005107,653,True
func_Rt_0x100005109,-108,True
func_Rt_0x100005111,545,True
func_Rt_0x100005113,504,True
func_Rt_0x100005119,542,False
func_Rt_0x10000511d,-469,True
func_Rt_0x100005123,339,False
func_Rt_0x100005127,-771,True
func_Rt_0x100005132,1137,True
func_Rt_0x100005136,550,True
func_Rt_0x10000513b,560,False
func_Rt_0x10000513d,-655,True
func_Rt_0x100005142,357,True
func_Rt_0x100005144,-50,False
func_Rt_0x100005148,1075,True
func_Rt_0x100005152,429,False
func_Rt_0x100005154,437,True
func_Rt_0x10000515a,861,True
func_Rt_0x10000515e,710,True
func_Rt_0x100005162,-827,False
func_Rt_0x100005178,881,False
func_Rt_0x10000517e,906,False
func_Rt_0x100005186,-575,False
func_Rt_0x10000518a,-229,True
func_S0_0x100004a3c,645,True
func_S_0x100000157,-456,False
func_S_0x100000219,304,True
func_S_0x1000002af,305,False
func_S_0x1000005cd,-668,True
func_S_0x1000008aa,768,True
func_S_0x1000037f5,-711,False
func_S_0x10000398a,847,False
func_S_0x10000398e,-561,False
func_S_0x100003990,357,False
func_S_0x100003992,799,False
func_S_0x1000039e5,388,True
func_S_0x100003a27,-86,False
func_S_0x100003a29,-171,False
func_S_0x100003af0,651,False
func_S_0x100003af2,206,True
func_S_0x100003b21,1105,True
func_S_0x100003c3a,-761,True
func_S_0x100003c3c,700,False
func_S_0x100003c40,729,False
func_S_0x100003c42,104,True
func_S_0x100003d70,-787,True
func_S_0x100003d72,282,True
func_S_0x100004000,-297,False
func_S_0x1000041b4,-373,True
func_S_0x10000422b,209,False
func_S_0x1000042cf,810,True
func_S_0x100004b14,522,True
func_S_0x100004bd8,12,True
func_S_0x100004bda,737,False
func_S_0x100004bfa,-749,False
func_S_0x100004bfc,970,True
func_S_0x100004c00,-308,True
func_S_0x100004c02,-410,False
func_S_0x100004d05,1006,True
func_S_0x100004d22,-255,True
func_S_0x100005196,949,True
func_S_0x1000051c9,-194,True
func_S_0x1000051cb,-373,True
func_S_0x1000051d6,476,True
func_S_0x1000055e3,-519,True
func_S_0x1000055f8,351,False
func_S_0x10000562b,882,True
func_S_0x10000566d,-463,False
func_S_0x100005710,827,True
func_S_0x100005994,656,True
func_S_0x100005eda,1124,True
func_S_0x10000609c,-237,False
func_S_0x100006a7b,267,True
func_S_0x100006c64,-376,False
func_S_0x100006f7c,782,False
func_S_0x100006f7e,90,True
func_S_0x100006fdd,-51,True
func_S_0x100007064,835,False
func_S_0x100007489,-600,False
func_S_0x100007518,636,False
func_S_0x1000076e7,43,False
func_S_0x1000076e9,750,False
func_S_0x1000078cc,-328,False
func_S_0x100007907,776,False
func_S_0x100007c64,1046,True
func_S_0x100007dbe,-605,True
func_S_0x100007e25,-335,True
func_S_0x100007e75,204,True
func_S_0x100007fa5,463,False
func_S_0x1000088f7,388,True
func_S_0x100008a2a,493,False
func_S_0x100008ff7,424,False
func_S_0x100009095,454,False
func_S_0x1000090a3,-332,True
func_S_0x1000090aa,754,True
func_S_0x1000090e7,846,False
func_S_0x10000941f,-478,True
func_S_0x100009427,1072,False
func_S_0x100009550,-75,True
func_S_0x100009556,339,False
func_S_0x100009648,194,False
func_S_0x1000098c0,-582,False
func_S_0x1000098d1,747,True
func_S_0x100009ab0,635,False
func_S_0x100009cef,267,True
func_S_0x100009ed4,-569,False
func_S_0x10000a100,616,False
func_S_0x10000a10b,-23,False
func_S_0x10000a455,1049,True
func_S_0x10000a876,318,False
func_S_0x10000ae74,848,False
func_S_0x10000b244,1134,True
func_S_0x10000b37e,679,True
func_S_0x10000b620,-326,False
func_S_0x10000b729,-213,True
func_S_0x10000bafd,-812,False
func_S_0x10000bb1d,-182,False
func_S_0x10000bb28,413,True
func_Sa_0x100005356,-45,False
func_Sa_0x100005358,520,True
func_Se_0x100003811,-423,False
func_Se_0x100003842,303,False
func_Se_0x100003848,733,False
func_Se_0x10000384b,-735,False
func_Se_0x100003904,-334,True
func_Se_0x100003916,809,False
func_Se_0x100003a55,982,False
func_Se_0x100003a57,-281,True
func_Se_0x100003a5d,165,False
func_Se_0x100003ea6,1136,False
func_Se_0x100003eb0,506,False
func_Se_0x100003f6b,663,False
func_Se_0x100003f71,969,False
func_Se_0x100003fb8,-482,True
func_Se_0x100003fc1,394,False
func_Se_0x100005809,-312,True
func_Se_0x10000586c,-697,True
func_Se_0x1000059bb,-263,False
func_Se_0x100005b4b,689,False
func_Se_0x100005e0f,493,True
func_Se_0x100006339,38,False
func_Se_0x100006382,573,True
func_Se_0x1000070a3,-475,True
func_Se_0x100007552,-780,False
func_Se_0x100007554,938,False
func_Se_0x100007586,-344,False
func_Se_0x100007692,-613,True
func_Se_0x100008ee3,-633,False
func_Se_0x100008f1c,398,True
func_Se_0x10000975f,-553,True
func_Se_0x100009a7d,338,False
func_Se_0x10000a427,-351,False
func_Se_0x10000a42a,-371,True
func_Se_0x10000a42c,460,True
func_Se_0x10000a42e,-260,True
func_Se_0x10000b3f4,-80,False
func_Se_0x10000b515,839,True
func_Se_0x10000b525,-63,False
func_Se_0x10000b782,1143,False
func_Se_0x10000ba5d,490,False
func_Se_0x10000bdef,-41,False
func_Se_0x10000c409,384,False
func_Se_0x10000c41f,-311,False
func_Se_0x10000c427,-303,True
func_Se_0x10000c429,-426,False
func_Se_0x10000c42c,1089,True
func_Se_0x10000c42e,-619,False
func_Se_0x10000c430,1037,True
func_Se_0x10000c43c,326,False
func_Se_0x10000c440,1045,False
func_Se_0x10000c447,1057,True
func_Se_0x10000c459,323,True
func_Se_0x10000c486,626,True
func_Si_0x1000083d3,652,False
func_Sr_0x100000797,599,False
func_Sr_0x100005a07,-797,False
func_Sr_0x100006614,-493,False
func_Sr_0x100006673,-24,False
func_Sr_0x100006679,-166,True
func_Sr_0x10000667b,-208,False
func_Sr_0x10000667f,160,True
func_Sr_0x100006683,-124,False
func_Sr_0x100006688,-40,True
func_Sr_0x10000668c,-398,False
func_Sr_0x10000668e,581,False
func_Sr_0x100006698,-527,True
func_Sr_0x1000066a2,-96,True
func_Sr_0x1000066a9,411,True
func_Sr_0x1000066ab,-421,True
func_Sr_0x1000067a6,-820,True
func_Sr_0x10000aa34,-97,True
func_Sr_0x10000aa3a,324,False
func_Sr_0x10000aa3c,733,False
func_Sr_0x10000b982,224,True
func_Sr_0x10000b9b1,-79,False
func_Sr_0x10000c193,156,False
func_Sr_0x10000c21a,795,True
func_St_0x1000005f1,498,False
func_St_0x100000784,-444,False
func_St_0x1000007f2,-683,False
func_St_0x1000007fc,504,True
func_St_0x100000803,-631,False
func_St_0x100000807,-330,False
func_St_0x10000081d,914,True
func_St_0x100000823,-326,True
func_St_0x10000082b,1102,True
func_St_0x1000043f4,486,True
func_St_0x1000043fa,-184,False
func_St_0x1000043fc,-516,True
func_St_0x100004408,-615,True
func_St_0x10000a514,-797,False
func_St_0x10000a51e,349,True
func_St_0x10000a520,-75,False
func_St_0x10000a53f,960,True
func_St_0x10000a541,235,True
func_St_0x10000a579,-785,True
func_St_0x10000a5d5,62,False
func_St_0x10000bdce,99,True
func_St_0x10000c0c7,378,True
func_St_0x10000c1e8,-618,False
func_T_0x100000221,-77,False
func_T_0x100003396,1038,True
func_T_0x1000033a1,-361,False
func_T_0x1000033a3,-20,True
func_T_0x1000037c1,709,True
func_T_0x100003963,846,True
func_T_0x1000039a8,-848,True
func_T_0x1000039ac,-209,True
func_T_0x1000039b2,-431,True
func_T_0x1000039b4,-463,True
func_T_0x1000039b6,-129,True
func_T_0x1000039da,1055,False
func_T_0x100003a32,31,False
func_T_0x100003ba0,-842,False
func_T_0x100003bac,1110,False
func_T_0x1000041f3,-453,False
func_T_0x10000423f,712,False
func_T_0x10000425d,564,False
func_T_0x1000042d9,184,True
func_T_0x100004b72,-488,False
func_T_0x100004c1e,209,False
func_T_0x100004c20,558,True
func_T_0x100004ca5,-325,True
func_T_0x100004cab,-47,False
func_T_0x100005748,-452,False
func_T_0x100005751,158,True
func_T_0x100005753,561,True
func_T_0x100005755,-649,False
func_T_0x100005757,-310,False
func_T_0x10000590d,76,True
func_T_0x100005b34,-393,False
func_T_0x100005bb6,20,False
func_T_0x100005beb,-573,True
func_T_0x1000064a3,-732,True
func_T_0x10000652d,550,True
func_T_0x100006532,322,False
func_T_0x100006807,-265,True
func_T_0x100006814,-642,True
func_T_0x100006b38,-845,False
func_T_0x100006d0f,950,True
func_T_0x100007092,-492,True
func_T_0x10000709b,-613,True
func_T_0x1000071f3,-720,True
func_T_0x100007234,403,False
func_T_0x10000723f,115,False
func_T_0x1000073af,460,True
func_T_0x1000073b1,-626,True
func_T_0x1000073d7,-363,False
func_T_0x100007632,-99,True
func_T_0x10000763d,-701,True
func_T_0x1000076d6,1080,True
func_T_0x1000076da,754,False
func_T_0x1000077eb,337,True
func_T_0x1000077ed,-508,False
func_T_0x1000077f0,-537,True
func_T_0x1000077f2,862,True
func_T_0x1000077f8,321,True
func_T_0x1000077fb,-576,True
func_T_0x1000077fd,944,True
func_T_0x1000079a4,-649,True
func_T_0x1000081b3,-267,True
func_T_0x10000822b,-133,True
func_T_0x10000823a,1039,False
func_T_0x100008294,891,True
func_T_0x1000082a3,-811,True
func_T_0x1000082a9,585,False
func_T_0x10000836f,774,True
func_T_0x1000084fb,292,False
func_T_0x1000084fd,-150,True
func_T_0x100008558,-435,False
func_T_0x10000855a,815,True
func_T_0x100008cbd,-490,True
func_T_0x100008f43,-521,True
func_T_0x100008f50,-538,False
func_T_0x100008f54,-533,False
func_T_0x10000911b,-319,False
func_T_0x10000911d,1092,False
func_T_0x100009128,718,True
func_T_0x100009292,-328,True
func_T_0x100009583,279,True
func_T_0x100009589,370,False
func_T_0x10000958b,-20,True
func_T_0x10000991e,-506,False
func_T_0x100009926,192,False
func_T_0x100009966,-605,False
func_T_0x100009972,428,True
func_T_0x100009f3b,-277,False
func_T_0x10000a3e6,-718,False
func_T_0x10000a4a3,320,True
func_T_0x10000a4a5,-428,False
func_T_0x10000accf,-698,True
func_T_0x10000b18b,-289,False
func_T_0x10000b39e,187,False
func_T_0x10000b448,-272,True
func_T_0x10000b461,15,False
func_T_0x10000b57f,-483,False
func_T_0x10000b581,-790,True
func_T_0x10000b584,-25,True
func_T_0x10000b5a7,392,False
func_T_0x10000b612,-104,False
func_T_0x10000b63c,-389,True
func_T_0x10000ba74,1065,False
func_T_0x10000bf5a,252,False
func_T_0x10000bf5d,1063,True
func_T_0x10000c280,-676,False
func_T_0x10000c3a7,-491,False
func_T_0x10000c3a9,-69,False
func_T_0x10000c598,971,False
func_Te_0x100000209,304,False
func_Te_0x10000580e,938,False
func_Te_0x10000589d,40,False
func_Te_0x100005b40,185,False
func_Te_0x100005b44,1057,False
func_Te_0x100005b5c,646,True
func_Te_0x100005e4d,-128,False
func_Te_0x10000634d,-684,True
func_Te_0x10000702f,481,False
func_Te_0x100007037,1131,False
func_Te_0x10000796e,184,False
func_Te_0x1000079fa,539,False
func_Te_0x100007f74,-272,True
func_Te_0x100008079,497,True
func_Te_0x100008ed2,-27,True
func_Te_0x100008ed4,1051,True
func_Te_0x100008ed6,537,True
func_Te_0x100009cbd,773,False
func_Te_0x10000a4bd,789,False
func_Te_0x10000a4c2,-789,True
func_Te_0x10000a8d4,725,False
func_Te_0x10000aba5,158,True
func_Te_0x10000b3f7,-120,True
func_Te_0x10000c2d3,-451,True
func_Te_0x10000c4c8,935,True
func_Te_0x10000c67c,829,True
func_Te_0x10000c6a6,950,True
func_Ti_0x10000882e,-309,False
func_Tn_0x100004043,327,False
func_Tn_0x100005a0e,604,False
func_Tn_0x100005a10,833,False
func_Tn_0x100006611,851,True
func_Tn_0x1000067af,293,True
func_Tn_0x10000c19a,822,False
func_Tr_0x100000825,-609,True
func_Tr_0x10000082d,382,False
func_Tr_0x100004d51,-624,False
func_Tr_0x1000072fd,1131,True
func_Tr_0x10000a57b,950,True
func_Tr_0x10000a5c2,-538,False
func_Tr_0x10000a5d9,71,False
func_Tr_0x10000c12f,763,False
func_Tr_0x10000c139,-438,False
func_Tr_0x10000c13b,-89,False
func_Tr_0x10000c143,368,True
func_Tr_0x10000c149,-519,True
func_Tr_0x10000c151,-144,False
func_Tr_0x10000c155,662,True
func_Tr_0x10000c15d,406,True
func_Tr_0x10000c17f,285,True
func_Tr_0x10000c245,-246,False
func_Tt_0x100004490,-95,True
func_Tt_0x100004496,205,False
func_Tt_0x10000449a,-606,True
func_Tt_0x10000449e,458,False
func_Tt_0x1000044a0,-385,True
func_Tt_0x1000057c5,-177,False
func_Tt_0x1000057c7,-842,True
func_Tt_0x100005c46,676,True
func_Tt_0x100005c54,943,False
func_Tt_0x100005c58,-122,True
func_Tt_0x100005c5a,126,False
func_Tt_0x100005c5c,129,True
func_Tt_0x100005c6d,1103,False
func_Tt_0x100005c6f,903,True
func_Tt_0x100005ccd,731,False
func_Tt_0x100005cd1,725,True
func_Tt_0x100005dcb,-685,False
func_Tt_0x100005dcf,-100,True
func_Tt_0x100005dd2,962,True
func_Tt_0x100005dd6,45,True
func_Tt_0x100005dd8,-297,False
func_Tt_0x100005e26,1073,False
func_Tt_0x1000060da,1085,False
func_Tt_0x100006115,-125,True
func_Tt_0x1000069a1,-590,True
func_Tt_0x1000069a5,432,False
func_Tt_0x100007865,1139,False
func_Tt_0x100007a03,532,False
func_Tt_0x1000091dc,218,False
func_Tt_0x100009c3a,-574,False
func_Tt_0x10000b67b,321,True
func_Tt_0x10000b79f,259,False
func_Tt_0x10000b877,-170,False
func_Tt_0x10000bdbb,1018,False
func_Tt_0x10000c2ee,-612,False
func_Tt_0x10000c5b1,972,False
func_Tt_0x10000c646,-809,True
func_Tt_0x10000c685,-212,True
func_Tt_0x10000c687,390,False
func_Tt_0x10000c68c,-677,False
func_Tu_0x10000856e,289,False
func_Tu_0x1000087cf,313,True
func_Tu_0x10000887c,946,False
func_U_0x100003560,1030,False
func_U_0x1000038f8,-58,True
func_U_0x100003b22,-42,False
func_U_0x100003be3,378,False
func_U_0x100004131,234,True
func_U_0x1000041c8,54,True
func_U_0x1000041e9,-626,True
func_U_0x10000431f,5,False
func_U_0x100004a6d,-481,False
func_U_0x100004a88,1014,True
func_U_0x100004aa6,860,False
func_U_0x100004ab2,-564,True
func_U_0x100004ab8,496,True
func_U_0x100004b57,887,True
func_U_0x100004b59,1063,False
func_U_0x10000576a,1132,True
func_U_0x1000057fd,362,False
func_U_0x1000057ff,-737,True
func_U_0x100005bf9,-695,False
func_U_0x1000061c4,-466,False
func_U_0x10000627f,-310,True
func_U_0x100006291,-36,False
func_U_0x1000064c9,-433,True
func_U_0x100006a5a,465,True
func_U_0x100006a5e,966,False
func_U_0x100006d81,929,True
func_U_0x100006d83,-455,False
func_U_0x100006d87,-502,False
func_U_0x100006d8b,903,True
func_U_0x100006d93,158,False
func_U_0x100006f4b,109,False
func_U_0x100006f5c,-798,False
func_U_0x100006f5e,-571,False
func_U_0x100006f64,1143,True
func_U_0x100006ff5,777,False
func_U_0x1000071bb,-464,False
func_U_0x100007362,-142,True
func_U_0x1000073ba,1065,False
func_U_0x1000073d8,279,True
func_U_0x1000073de,1017,False
func_U_0x1000073ea,969,False
func_U_0x10000761e,-399,True
func_U_0x100007622,-607,True
func_U_0x100007b1a,447,True
func_U_0x100007b20,1051,False
func_U_0x100007b4c,-690,False
func_U_0x100007de3,-346,False
func_U_0x100007e42,90,True
func_U_0x100007e46,827,True
func_U_0x100007e4c,745,True
func_U_0x100007e58,1104,False
func_U_0x100007ead,-547,False
func_U_0x100008212,-301,False
func_U_0x10000825b,769,True
func_U_0x10000825d,10,True
func_U_0x100008287,-274,False
func_U_0x10000835d,-789,False
func_U_0x100008387,42,False
func_U_0x100008c8a,-101,True
func_U_0x100008c8c,129,False
func_U_0x100008e0c,-481,False
func_U_0x100008e0e,657,True
func_U_0x100008e72,790,True
func_U_0x100008ef1,884,False
func_U_0x1000092c9,1102,False
func_U_0x1000092cf,940,False
func_U_0x1000092d4,370,False
func_U_0x1000092d8,294,False
func_U_0x1000092de,-701,False
func_U_0x1000092e0,976,True
func_U_0x1000092e2,1030,True
func_U_0x100009894,-361,False
func_U_0x10000989b,-707,False
func_U_0x1000099c5,760,True
func_U_0x1000099f5,-615,True
func_U_0x10000a1ff,250,False
func_U_0x10000a208,-173,False
func_U_0x10000a20c,1062,True
func_U_0x10000a3c0,1102,True
func_U_0x10000a60e,1063,True
func_U_0x10000a69f,469,False
func_U_0x10000a881,207,False
func_U_0x10000a883,687,True
func_U_0x10000ac9d,415,False
func_U_0x10000af35,-636,True
func_U_0x10000af3d,216,True
func_U_0x10000b3be,926,False
func_U_0x10000b56e,621,True
func_U_0x10000c372,946,True
func_U_0x10000c543,699,True
func_U_0x10000c652,342,False
func_U_0x10000c676,-733,True
func_Ue_0x10000390b,106,False
func_Ue_0x10000434b,165,False
func_Ue_0x100004e16,-179,False
func_Ue_0x100004e1c,160,True
func_Ue_0x100004e3c,67,True
func_Ue_0x100004e3e,-329,False
func_Ue_0x100004e44,314,False
func_Ue_0x100004e50,875,False
func_Ue_0x100004e57,337,False
func_Ue_0x100004e71,522,False
func_Ue_0x100004e79,708,False
func_Ue_0x10000578f,186,False
func_Ue_0x100005ab3,-24,True
func_Ue_0x100005ab5,1110,False
func_Ue_0x100005ab7,-732,False
func_Ue_0x100005b61,582,True
func_Ue_0x100008080,-412,False
func_Ue_0x100008091,334,False
func_Ue_0x100008095,830,True
func_Ue_0x100008097,-776,False
func_Ue_0x10000809b,841,True
func_Ue_0x10000809d,888,True
func_Ue_0x10000930e,431,False
func_Ue_0x10000a063,1140,False
func_Ue_0x10000b5e1,219,True
func_Ue_0x10000bda7,34,True
func_Ue_0x10000bdad,434,False
func_Ue_0x10000bdaf,721,True
func_Ue_0x10000bdfb,-813,False
func_Ue_0x10000bdfd,-247,True
func_Ue_0x10000bdff,-79,True
func_Ue_0x10000c28a,-370,False
func_Ue_0x10000c2c5,-130,False
func_Ue_0x10000c2d6,699,False
func_Ue_0x10000c35c,-226,False
func_Ue_0x10000c360,-398,False
func_Ue_0x10000c362,-171,True
func_Ue_0x10000c366,496,False
func_Ui_0x1000083f3,917,True
func_Ur_0x10000801b,-197,False
func_Ur_0x100008029,-784,False
func_Ur_0x10000aa00,-244,True
func_Ur_0x10000aa12,894,True
func_Ur_0x10000aa16,1094,False
func_Ur_0x10000aa1c,-692,True
func_Ur_0x10000aa1e,-480,False
func_Ur_0x10000aa24,-851,True
func_Ur_0x10000c233,283,True
func_Ut_0x100005207,31,False
func_V_0x10000353a,621,False
func_V_0x100003753,115,True
func_V_0x100003769,134,True
func_V_0x100003771,-476,True
func_V_0x100003779,10,True
func_V_0x100003781,-307,True
func_V_0x100003783,402,False
func_V_0x100003789,890,True
func_V_0x100003791,-120,False
func_V_0x1000038ec,623,True
func_V_0x100003ba5,-345,False
func_V_0x100003bec,370,True
func_V_0x100003bf2,-240,False
func_V_0x1000041c0,305,False
func_V_0x1000041c4,-297,False
func_V_0x1000042ec,116,False
func_V_0x100004a86,919,False
func_V_0x100004b55,-156,False
func_V_0x100004b7e,-843,True
func_V_0x10000575e,-346,True
func_V_0x100005761,723,False
func_V_0x10000576e,-105,True
func_V_0x100005bf0,987,True
func_V_0x100005bf2,-784,True
func_V_0x100005ea0,-79,True
func_V_0x100006070,831,True
func_V_0x100006074,1143,True
func_V_0x10000644d,-635,True
func_V_0x1000065a7,-286,False
func_V_0x100006817,-172,True
func_V_0x100006d85,507,False
func_V_0x100006d89,600,True
func_V_0x100006d97,492,True
func_V_0x100006d9b,-418,True
func_V_0x100006fa8,396,True
func_V_0x100006fb5,-35,False
func_V_0x100006fba,-246,False
func_V_0x100006feb,283,False
func_V_0x100006fed,-745,True
func_V_0x10000701b,836,False
func_V_0x100007364,-414,False
func_V_0x1000073bb,943,True
func_V_0x100007559,55,False
func_V_0x100007956,-510,True
func_V_0x100007b1c,797,True
func_V_0x100007bb5,795,False
func_V_0x100007bb7,115,False
func_V_0x100007bc3,303,True
func_V_0x100007e44,336,False
func_V_0x100007e4a,696,False
func_V_0x100007e4e,1005,False
func_V_0x100007e56,1041,True
func_V_0x100007e5e,471,False
func_V_0x100007e63,1012,False
func_V_0x100007eaf,-89,True
func_V_0x100007eb1,-132,False
func_V_0x100007eb3,541,True
func_V_0x10000820f,-665,False
func_V_0x100008242,513,True
func_V_0x100008246,557,False
func_V_0x100008279,310,False
func_V_0x10000838c,1084,True
func_V_0x100008a25,578,False
func_V_0x100008c71,676,False
func_V_0x100008cc1,840,False
func_V_0x100008e6a,520,False
func_V_0x100008f0b,-128,False
func_V_0x100008f25,-387,True
func_V_0x100008f2d,-778,False
func_V_0x100008f31,122,True
func_V_0x1000092c7,-412,True
func_V_0x1000092cb,213,False
func_V_0x1000092cd,510,True
func_V_0x1000092d1,-546,False
func_V_0x1000092d6,864,False
func_V_0x1000092dc,93,True
func_V_0x10000932c,684,False
func_V_0x1000095df,947,True
func_V_0x100009892,178,True
func_V_0x100009897,776,False
func_V_0x100009899,1147,True
func_V_0x10000989d,-77,True
func_V_0x1000099e6,-635,True
func_V_0x1000099ef,-157,False
func_V_0x100009d26,829,False
func_V_0x10000a201,629,True
func_V_0x10000a203,391,True
func_V_0x10000a206,800,False
func_V_0x10000a20a,577,False
func_V_0x10000a210,724,True
func_V_0x10000a3c1,518,False
func_V_0x10000a3f1,-47,False
func_V_0x10000a421,-642,False
func_V_0x10000a423,-393,False
func_V_0x10000a4d4,-374,True
func_V_0x10000a912,742,False
func_V_0x10000a91f,-397,False
func_V_0x10000aa57,-422,False
func_V_0x10000ac3f,-485,False
func_V_0x10000ac97,28,False
func_V_0x10000ac99,846,False
func_V_0x10000ac9f,-330,True
func_V_0x10000acd1,204,True
func_V_0x10000ae84,1106,False
func_V_0x10000af37,-128,True
func_V_0x10000af39,-203,True
func_V_0x10000af3b,-145,True
func_V_0x10000b19c,411,True
func_V_0x10000b1ec,280,True
func_V_0x10000b202,630,True
func_V_0x10000b204,941,True
func_V_0x10000b215,1127,False
func_V_0x10000b361,1054,False
func_V_0x10000b363,-152,True
func_V_0x10000b3b2,908,False
func_V_0x10000b3bf,-327,True
func_V_0x10000bac0,858,True
func_Va_0x10000551d,-491,False
func_Ve_0x1000057c9,591,True
func_Ve_0x1000057cb,-331,True
func_Ve_0x100005872,974,True
func_Ve_0x100005874,143,True
func_Ve_0x100005c48,-570,True
func_Ve_0x100005c65,38,False
func_Ve_0x100005c6c,888,False
func_Ve_0x100005ccf,36,True
func_Ve_0x100005cda,-731,False
func_Ve_0x100005ce4,658,False
func_Ve_0x100005cee,319,False
func_Ve_0x100005dc1,-538,False
func_Ve_0x100006215,225,False
func_Ve_0x100006ae3,570,True
func_Ve_0x1000079ff,-76,True
func_Ve_0x100007a01,-702,False
func_Ve_0x100009c11,-227,True
func_Ve_0x100009c1c,-677,False
func_Ve_0x10000a0b5,-678,False
func_Ve_0x10000b879,435,False
func_Ve_0x10000ba3a,-607,False
func_Ve_0x10000c683,978,True
func_Vn_0x100004ee7,-245,True
func_Vn_0x1000050b5,463,False
func_Vn_0x100005105,1141,False
func_Vo_0x100005501,775,True
func_Vo_0x100005504,-659,True
func_Vo_0x10000551f,1021,False
func_Vr_0x1000035eb,198,True
func_Vr_0x1000035ed,1142,False
func_Vr_0x1000035ef,292,True
func_Vr_0x1000036e5,1108,False
func_Vr_0x1000036f6,-336,True
func_Vr_0x1000065e8,-728,False
func_Vr_0x1000065ea,248,False
func_Vr_0x1000067d8,-741,True
func_Vt_0x1000035da,-475,True
func_Vt_0x1000035de,-842,False
func_Vt_0x1000035e0,621,False
func_Vt_0x1000035e4,-505,True
func_Vt_0x1000035e6,995,True
func_Vt_0x1000035f4,-482,False
func_Vt_0x1000035f6,-93,True
func_Vt_0x1000035fb,567,True
func_Vt_0x1000035fd,710,True
func_Vt_0x100003601,991,False
func_Vt_0x1000036e7,322,False
func_Vt_0x1000036ea,1078,True
func_Vt_0x1000036ff,268,False
func_Vt_0x100003711,55,True
func_Vt_0x100003713,-731,True
func_Vt_0x100003722,152,False
func_Vt_0x100003724,-381,True
func_Vt_0x100003734,829,True
func_Vt_0x100003738,183,True
func_Vt_0x10000373c,-256,False
func_Vt_0x10000373e,843,False
func_Vt_0x100003742,906,True
func_Vt_0x100003749,-786,True
func_Vt_0x100006609,-404,False
func_Vt_0x1000066b0,920,False
func_Vt_0x100006792,-499,False
func_Vt_0x100006794,-172,True
func_Vt_0x10000679c,-536,True
func_Vt_0x1000067ad,-91,False
func_Vt_0x1000067b4,69,True
func_Vt_0x10000b6ce,-309,True
func_Vt_0x10000b6d0,1134,True
func_Vt_0x10000b6d4,-160,False
func_Vt_0x10000b6d6,709,True
func_Vt_0x10000b6da,-634,True
func_Vt_0x10000b6e2,-44,False
func_Vt_0x10000c19e,76,False
func_W_0x100000159,-588,False
func_W_0x1000001ab,832,False
func_W_0x1000002ad,-691,False
func_W_0x1000037ee,761,False
func_W_0x1000037f0,936,True
func_W_0x100003900,200,False
func_W_0x100003ac1,-495,False
func_W_0x100003b11,431,True
func_W_0x100003d04,-317,True
func_W_0x100003d76,677,True
func_W_0x100004189,985,False
func_W_0x100004192,383,False
func_W_0x1000042b5,-407,False
func_W_0x100004b0f,-149,False
func_W_0x100004bf8,38,False
func_W_0x100004c1b,215,True
func_W_0x100004ca0,-178,False
func_W_0x100005194,-622,False
func_W_0x100005198,-651,True
func_W_0x1000055e1,122,True
func_W_0x1000055e5,-346,False
func_W_0x1000055e9,-789,True
func_W_0x100005632,549,True
func_W_0x100005670,-95,True
func_W_0x1000056b5,388,False
func_W_0x100005b85,-581,True
func_W_0x100005f25,980,True
func_W_0x100005f28,-213,False
func_W_0x10000602d,-115,False
func_W_0x10000603c,484,True
func_W_0x1000066b9,367,False
func_W_0x1000066bd,451,False
func_W_0x1000068d3,-132,False
func_W_0x10000692a,-786,False
func_W_0x100006a26,467,True
func_W_0x100006c4c,548,False
func_W_0x100006f79,127,False
func_W_0x10000743d,-166,False
func_W_0x100007505,-409,False
func_W_0x1000076d3,377,False
func_W_0x1000078f1,881,False
func_W_0x10000799e,-549,False
func_W_0x1000079a0,1131,True
func_W_0x100007c71,-680,False
func_W_0x100007e23,-481,True
func_W_0x100007e81,184,True
func_W_0x100008959,635,True
func_W_0x100008a3c,380,False
func_W_0x100008a77,544,False
func_W_0x100008a97,375,True
func_W_0x100008b73,-346,False
func_W_0x100008be2,-592,True
func_W_0x100008c35,278,False
func_W_0x100008c95,-216,True
func_W_0x100008e21,45,True
func_W_0x100009046,-485,True
func_W_0x100009421,499,True
func_W_0x100009423,722,False
func_W_0x100009429,77,True
func_W_0x100009552,-70,False
func_W_0x100009554,479,True
func_W_0x100009558,-801,False
func_W_0x1000095f4,1084,False
func_W_0x1000098b8,-54,False
func_W_0x1000098bc,-792,True
func_W_0x1000098f5,-465,True
func_W_0x100009913,364,False
func_W_0x100009956,935,True
func_W_0x100009a28,-245,True
func_W_0x100009a4a,-317,False
func_W_0x100009a50,335,False
func_W_0x100009b1c,468,False
func_W_0x100009ce9,167,False
func_W_0x100009ceb,753,True
func_W_0x100009ced,-688,False
func_W_0x100009cf5,-115,True
func_W_0x100009de6,-459,False
func_W_0x100009de8,831,False
func_W_0x100009e52,628,True
func_W_0x100009e97,486,False
func_W_0x100009e99,893,False
func_W_0x100009e9c,-40,False
func_W_0x100009fef,216,False
func_W_0x10000a106,-288,False
func_W_0x10000a169,-342,False
func_W_0x10000a171,633,True
func_W_0x10000a746,98,False
func_W_0x10000ab7c,-263,True
func_W_0x10000b388,849,True
func_W_0x10000b532,-844,True
func_W_0x10000b5fc,936,True
func_W_0x10000b725,318,False
func_W_0x10000ba03,1138,True
func_W_0x10000ba05,1093,False
func_W_0x10000ba82,-368,False
func_W_0x10000ba92,-644,True
func_We_0x1000044e7,-334,True
func_We_0x100005c4d,-349,True
func_We_0x100005cc4,515,False
func_We_0x100005cd4,645,True
func_We_0x100005ce1,-436,True
func_We_0x100005ced,-260,False
func_We_0x100005e10,648,False
func_We_0x10000610e,1007,True
func_We_0x10000611a,569,True
func_We_0x10000612a,1115,False
func_We_0x100006130,-22,True
func_We_0x10000617b,-754,True
func_We_0x10000617f,46,False
func_We_0x1000061ed,913,False
func_We_0x1000061ff,-201,True
func_We_0x100006250,405,True
func_We_0x100006252,85,True
func_We_0x100006c7f,183,False
func_We_0x100007877,-460,False
func_We_0x100007880,232,False
func_We_0x100007f8b,755,True
func_We_0x10000920e,-186,True
func_We_0x10000ab84,-111,False
func_We_0x10000b871,-218,True
func_We_0x10000be6d,774,False
func_We_0x10000c073,-295,False
func_We_0x10000c077,-20,False
func_We_0x10000c34e,-418,False
func_We_0x10000c352,1148,True
func_We_0x10000c356,304,True
func_We_0x10000c5aa,1050,True
func_We_0x10000c640,67,False
func_Wn_0x100006dc3,722,False
func_Wn_0x100006dc7,-230,False
func_Wn_0x100006e29,543,False
func_Wn_0x100006e2f,508,False
func_Wn_0x100006e31,768,False
func_Wn_0x100006e3c,-30,False
func_Wn_0x100006e40,426,False
func_Wn_0x100006e46,-590,True
func_Wn_0x100006e50,65,False
func_Wn_0x100006e52,-210,True
func_Wn_0x100006e55,410,False
func_Wn_0x100006e65,1042,False
func_Wn_0x100006e6e,-823,False
func_Wn_0x100006e76,374,True
func_Wn_0x100006e7e,-623,True
func_Wn_0x100006e87,983,True
func_Wn_0x100006e8a,-234,True
func_Wn_0x100006e94,1075,False
func_Wn_0x100006e97,221,False
func_Wn_0x100006e99,947,False
func_Wn_0x100006e9d,-348,True
func_Wn_0x100006e9f,683,False
func_Wn_0x100006ea3,16,False
func_Wn_0x100006ea5,-722,False
func_Wn_0x100006eb3,431,False
func_Wn_0x100006eb7,268,True
func_Wn_0x100006ec3,689,True
func_Wn_0x100006ed8,1040,True
func_Wn_0x100006ee0,922,True
func_Wn_0x100006eea,108,False
func_Wr_0x1000035b4,970,True
func_Wr_0x1000035d6,-475,True
func_Wr_0x1000035e2,237,False
func_Wr_0x1000035e8,420,True
func_Wr_0x1000035ea,-563,True
func_Wr_0x1000035ff,394,True
func_Wr_0x1000036ee,-311,False
func_Wr_0x1000036f5,-613,False
func_Wr_0x100003704,257,True
func_Wr_0x100003717,-484,True
func_Wr_0x10000371d,419,True
func_Wr_0x10000404d,813,True
func_Wr_0x1000065f2,1091,False
func_Wr_0x100006788,796,False
func_Wr_0x10000678e,1135,True
func_Wr_0x1000067b0,-155,False
func_Wr_0x1000067b2,-160,False
func_Wr_0x1000067b6,80,False
func_Wr_0x1000067b8,592,False
func_Wr_0x1000067ba,82,True
func_Wr_0x1000067bc,842,True
func_Wr_0x1000067c6,333,False
func_Wr_0x1000067d0,230,True
func_Wr_0x10000a9ff,729,False
func_Wr_0x10000b6f9,-516,True
func_Wr_0x10000b6fb,265,True
func_Wr_0x10000b972,-831,True
func_Wt_0x100004eeb,9,False
func_Wt_0x100004f09,835,False
func_Wt_0x10000502c,29,False
func_Wt_0x100005030,79,False
func_Wt_0x100005034,-490,False
func_Wt_0x100005036,347,True
func_Wt_0x100005038,-215,True
func_Wt_0x100005049,8,False
func_Wt_0x100005057,-188,True
func_Wt_0x10000505b,1044,True
func_Wt_0x100005061,-139,True
func_Wt_0x100005063,-408,True
func_Wt_0x100005067,741,False
func_Wt_0x100005073,529,False
func_Wt_0x100005075,716,True
func_Wt_0x100005081,755,False
func_Wt_0x100005087,-531,True
func_Wt_0x10000508d,754,True
func_Wt_0x100005095,834,False
func_Wt_0x100005097,384,True
func_Wt_0x1000050bf,-649,False
func_Wt_0x1000050c9,-636,False
func_Wt_0x1000050cb,-755,False
func_Wt_0x1000050d5,196,True
func_Wt_0x1000050df,1102,True
func_Wt_0x1000050eb,-566,True
func_Wt_0x1000050f7,1078,True
func_Wt_0x1000050fb,443,False
func_Wt_0x10000510b,533,False
func_Wt_0x100005115,757,False
func_Wt_0x100005117,961,True
func_Wt_0x10000511b,-345,True
func_Wt_0x100005125,465,False
func_Wt_0x100005129,129,True
func_Wt_0x10000512d,810,True
func_Wt_0x10000512f,-284,False
func_Wt_0x100005134,489,False
func_Wt_0x100005139,315,False
func_Wt_0x100005146,-193,True
func_Wt_0x10000514a,861,True
func_Wt_0x10000514c,-10,True
func_Wt_0x10000514e,1034,True
func_Wt_0x100005150,556,True
func_Wt_0x100005156,-458,False
func_Wt_0x10000515c,-251,False
func_Wt_0x100005164,193,True
func_Wt_0x100005166,889,True
func_Wt_0x100005168,181,True
func_Wt_0x10000516c,1032,False
func_Wt_0x100005172,581,False
func_Wt_0x100005174,-822,False
func_Wt_0x100005176,328,False
func_Wt_0x10000517a,-626,True
func_Wt_0x10000517c,-546,False
func_Wt_0x100005188,36,False
func_Wt_0x10000518e,912,True
func_Wu_0x10000360d,759,False
func_X_0x10000356b,-74,True
func_X_0x100003809,418,False
func_X_0x1000038e4,885,False
func_X_0x1000038e9,910,False
func_X_0x100003ba6,824,False
func_X_0x100003ba8,2,True
func_X_0x100003be4,-726,False
func_X_0x100003f83,-186,False
func_X_0x1000040eb,-314,True
func_X_0x1000040f5,-279,False
func_X_0x10000412f,989,True
func_X_0x100004132,99,False
func_X_0x100004160,-358,True
func_X_0x10000416a,1057,True
func_X_0x100004308,505,False
func_X_0x100004322,-212,True
func_X_0x10000432d,500,False
func_X_0x100004386,-118,True
func_X_0x1000043ad,-615,False
func_X_0x100004aa8,894,True
func_X_0x100005733,108,True
func_X_0x100005737,-306,False
func_X_0x10000581c,-358,True
func_X_0x10000581e,611,False
func_X_0x10000582e,964,True
func_X_0x100005868,275,False
func_X_0x100005c03,-810,True
func_X_0x100006286,946,False
func_X_0x100006d41,977,False
func_X_0x100006fa2,1070,True
func_X_0x100006fb6,117,False
func_X_0x10000734c,-382,True
func_X_0x10000734e,54,True
func_X_0x100007350,478,True
func_X_0x100007366,625,False
func_X_0x1000073df,38,False
func_X_0x1000074a3,-784,False
func_X_0x1000074b2,1036,False
func_X_0x1000074b4,-737,True
func_X_0x100007543,-563,False
func_X_0x100007e5a,-832,True
func_X_0x10000838f,975,True
func_X_0x100008513,526,True
func_X_0x100008c73,-555,True
func_X_0x100008c75,-446,False
func_X_0x100008cc4,672,True
func_X_0x100008ccc,641,True
func_X_0x100008cce,937,False
func_X_0x100008dfd,143,False
func_X_0x100008e32,-737,True
func_X_0x100008e93,230,False
func_X_0x100008ec7,-73,True
func_X_0x100008ec9,416,True
func_X_0x100008ee9,-279,False
func_X_0x100008eed,-630,False
func_X_0x100008f29,934,False
func_X_0x100008f2f,897,True
func_X_0x100009334,1040,True
func_X_0x1000095e4,367,True
func_X_0x10000988e,-681,False
func_X_0x100009c89,115,False
func_X_0x100009d28,-661,False
func_X_0x10000a693,-503,False
func_X_0x10000a695,235,False
func_X_0x10000a699,588,False
func_X_0x10000a69d,-44,False
func_X_0x10000a899,315,False
func_X_0x10000ab40,-656,True
func_X_0x10000aca3,-244,True
func_X_0x10000acd6,230,False
func_X_0x10000ae78,-253,False
func_X_0x10000ae80,-14,False
func_X_0x10000afa8,863,False
func_X_0x10000afaa,-391,True
func_X_0x10000b1f8,547,False
func_X_0x10000b208,406,True
func_X_0x10000b20f,494,True
func_X_0x10000b3b7,130,False
func_X_0x10000b3b9,1123,True
func_X_0x10000b44e,-751,True
func_X_0x10000b491,867,False
func_X_0x10000b56f,1092,True
func_X_0x10000b571,-224,True
func_X_0x10000b575,839,False
func_X_0x10000bf0b,28,False
func_X_0x10000bf0f,1003,False
func_X_0x10000c3d2,-201,True
func_X_0x10000c3d4,-435,False
func_X_0x10000c541,214,True
func_X_0x10000c56a,835,False
func_X_0x10000c584,677,True
func_Xe_0x100005dae,103,True
func_Xe_0x100005db0,-142,True
func_Xe_0x100005db6,636,False
func_Xe_0x100005db8,475,False
func_Xe_0x100005dbe,189,False
func_Xe_0x10000699d,-424,False
func_Xe_0x1000069bf,-759,False
func_Xe_0x100006c7a,327,True
func_Xe_0x100006c7c,624,True
func_Xe_0x100006cd5,-553,False
func_Xe_0x10000728f,1123,False
func_Xe_0x100007a6d,-700,False
func_Xe_0x100007a79,-53,False
func_Xe_0x100007aa2,-113,True
func_Xe_0x100007ab0,254,False
func_Xe_0x100007abb,803,True
func_Xe_0x100007abf,244,True
func_Xe_0x100007acd,615,True
func_Xe_0x100008042,-844,False
func_Xe_0x100008d2c,199,False
func_Xe_0x100008d34,-629,False
func_Xe_0x100008d67,631,True
func_Xe_0x100008d6c,275,True
func_Xe_0x100008d72,-828,True
func_Xe_0x100008d7e,-497,True
func_Xe_0x100008d84,-717,True
func_Xe_0x100008d86,998,True
func_Xe_0x100008d8c,-278,False
func_Xe_0x100008d8e,893,False
func_Xe_0x10000ba3d,479,True
func_Xe_0x10000ba3f,62,False
func_Xe_0x10000ba41,557,True
func_Xe_0x10000ba43,-437,True
func_Xe_0x10000ba45,688,True
func_Xe_0x10000ba47,385,True
func_Xe_0x10000bcbf,76,True
func_Xe_0x10000bccc,644,True
func_Xe_0x10000bd13,141,False
func_Xe_0x10000c611,-657,True
func_Xr_0x1000046e5,-229,False
func_Xr_0x10000470b,1106,False
func_Xr_0x10000470f,257,True
func_Xr_0x100004723,59,True
func_Xr_0x10000473f,826,False
func_Xr_0x10000483d,-517,True
func_Xr_0x100004921,-271,True
func_Xr_0x10000499d,140,False
func_Xr_0x1000049a4,960,False
func_Xr_0x100004a4b,933,False
func_Xt_0x1000035dc,-742,False
func_Xt_0x1000035f2,768,False
func_Xt_0x1000036fc,547,False
func_Xt_0x100003700,188,False
func_Xt_0x100003715,-527,True
func_Xt_0x100003719,-491,True
func_Xt_0x10000371f,1000,True
func_Xt_0x100003747,416,True
func_Xt_0x100006607,225,False
func_Xt_0x100006784,848,False
func_Xt_0x100006786,-598,False
func_Xt_0x10000678a,740,True
func_Xt_0x100006798,-353,False
func_Xt_0x1000067ca,1063,True
func_Xt_0x100007fb3,-845,False
func_Xt_0x10000b6e8,303,True
func_Xt_0x10000b6f5,-175,False
func_Xt_0x10000b6f7,27,False
func_Xt_0x10000b6fd,519,True
func_Xt_0x10000b6ff,1011,False
func_Xt_0x10000b973,-788,True
func_Xt_0x10000c1a3,-846,True
func_Xu_0x1000067c7,480,True
func_Xu_0x10000b702,747,False
func_Yd_0x100008832,44,False
func_Ye_0x100000796,1060,False
func_Ye_0x1000070e8,813,True
func_Ye_0x1000070ee,805,False
func_Ye_0x10000710b,-628,True
func_Ye_0x10000710d,-352,False
func_Ye_0x100007193,-750,False
func_Ye_0x10000a946,-430,False
func_Ye_0x10000a94c,807,False
func_Ye_0x10000a952,-836,True
func_Ye_0x10000a954,-84,False
func_Ye_0x10000a958,63,True
func_Ye_0x10000a95c,-112,False
func_Ye_0x10000a960,-355,True
func_Ye_0x10000a96f,96,True
func_Ye_0x10000a973,-396,True
func_Ye_0x10000a979,834,False
func_Ye_0x10000a97b,-415,False
func_Ye_0x10000a9f1,653,False
func_Ye_0x10000a9f3,-455,True
func_Ye_0x10000a9fb,198,True
func_Ye_0x10000a9fd,961,True
func_Ye_0x10000aa2d,842,False
func_Ye_0x10000aa4e,149,False
func_Ye_0x10000b949,1111,True
func_Ye_0x10000b9cc,515,True
func_Ye_0x10000c17b,-272,True
func_Ye_0x10000c190,-61,False
func_Ye_0x10000c1b2,-278,False
func_Ye_0x10000c1ba,-113,False
func_Ye_0x10000c1fd,-163,True
func_Ye_0x10000c201,850,False
func_Ye_0x10000c205,-327,True
func_Yn_0x100006e27,424,False
func_Yn_0x100006e67,263,False
func_Yn_0x100006e74,356,True
func_Yn_0x100006e7a,1019,True
func_Yn_0x100006ec8,-768,False
func_Yn_0x100006ecf,-80,False
func_Yn_0x100006ee2,418,True
func_Yn_0x10000843a,359,False
func_Yn_0x10000843d,-423,True
func_Yn_0x100008443,-786,True
func_Yt_0x100004d78,-376,False
func_Yt_0x100004d7e,-781,False
func_Yt_0x100004d80,27,False
func_Yt_0x100004d82,-489,False
func_Yt_0x100006395,-107,False
func_Yt_0x100006398,-255,True
func_Yt_0x1000063b4,-301,False
func_Yt_0x1000063c2,-542,True
func_Yt_0x100006c28,-458,False
func_Yt_0x100007a97,-245,False
func_Yt_0x100008395,791,True
func_Yt_0x100008d3f,1001,True
func_Yt_0x100008fc0,-116,True
func_Yt_0x100008fdd,707,True
func_Yt_0x10000a2e7,680,True
func_Yt_0x10000a2e9,-82,True
func_Yt_0x10000c120,595,True
func_Yu_0x100004711,49,True
func_Yu_0x1000048e7,502,False
func_Yu_0x10000499a,-53,False
func_Z_0x1000001b8,323,False
func_Z_0x100000220,-455,False
func_Z_0x100000310,-465,True
func_Z_0x100000314,-479,True
func_Z_0x100000316,-602,False
func_Z_0x1000033c4,-398,False
func_Z_0x100003961,108,False
func_Z_0x10000396b,683,True
func_Z_0x10000396d,856,False
func_Z_0x1000039a6,562,True
func_Z_0x1000039aa,17,False
func_Z_0x1000039ae,1021,True
func_Z_0x1000039b8,31,True
func_Z_0x1000039e2,204,True
func_Z_0x1000042d7,567,True
func_Z_0x1000042db,-222,False
func_Z_0x100004303,-567,True
func_Z_0x100004376,-264,False
func_Z_0x100004b4f,1039,True
func_Z_0x100004b61,-508,True
func_Z_0x100004c29,783,False
func_Z_0x100004c35,283,False
func_Z_0x100004ca1,278,True
func_Z_0x100004ca7,763,False
func_Z_0x100004cb1,-785,True
func_Z_0x1000056a9,748,True
func_Z_0x100005935,593,True
func_Z_0x100005fb3,-25,False
func_Z_0x100005fb5,670,True
func_Z_0x100005fb7,599,False
func_Z_0x100005fb9,-393,False
func_Z_0x100005fd8,-18,False
func_Z_0x10000628c,-523,True
func_Z_0x1000064a7,-831,True
func_Z_0x1000064ac,338,False
func_Z_0x1000064b2,-107,False
func_Z_0x10000652b,54,True
func_Z_0x10000654b,-128,False
func_Z_0x10000654d,-113,False
func_Z_0x1000065cb,42,True
func_Z_0x10000680e,-260,True
func_Z_0x100006812,481,True
func_Z_0x100006cf4,1091,False
func_Z_0x100006d16,-192,True
func_Z_0x10000733e,516,True
func_Z_0x100007433,1004,False
func_Z_0x100007473,-592,False
func_Z_0x1000074f7,683,True
func_Z_0x1000076d4,789,False
func_Z_0x1000076d8,267,False
func_Z_0x1000077e9,185,False
func_Z_0x1000079a2,716,False
func_Z_0x100008209,1018,True
func_Z_0x100008541,1034,False
func_Z_0x100008a9e,492,True
func_Z_0x100008cd5,918,False
func_Z_0x100008f52,547,True
func_Z_0x100009126,-821,False
func_Z_0x10000912e,661,False
func_Z_0x100009136,-559,True
func_Z_0x100009569,1108,False
func_Z_0x10000956b,486,True
func_Z_0x100009571,663,False
func_Z_0x100009581,-445,False
func_Z_0x10000995c,379,False
func_Z_0x100009970,-776,False
func_Z_0x10000a1ec,814,False
func_Z_0x10000a205,-361,False
func_Z_0x10000a4a1,-693,True
func_Z_0x10000a5fa,97,True
func_Z_0x10000a710,-418,True
func_Z_0x10000a90d,-415,False
func_Z_0x10000b18d,-390,True
func_Z_0x10000b3c4,615,True
func_Z_0x10000b480,1068,True
func_Z_0x10000b57c,-15,True
func_Z_0x10000b5ad,552,False
func_Z_0x10000b5b3,-430,False
func_Z_0x10000b616,996,False
func_Z_0x10000b61a,936,True
func_Z_0x10000ba77,296,True
func_Z_0x10000bf82,145,False
func_Z_0x10000c0d8,-359,True
func_Z_0x10000c3a5,-69,False
func_Z_0x10000c651,732,True
func_Z_0x10000c668,663,True
func_Ze_0x10000020b,757,True
func_Ze_0x100003909,-67,True
func_Ze_0x100003919,174,True
func_Ze_0x100004e4b,-8,False
func_Ze_0x1000058a4,175,False
func_Ze_0x1000059be,557,False
func_Ze_0x100005ab1,249,False
func_Ze_0x100005b19,-19,True
func_Ze_0x100005b51,390,True
func_Ze_0x100005b53,226,False
func_Ze_0x100005c4b,796,True
func_Ze_0x10000702b,709,True
func_Ze_0x10000796b,-141,False
func_Ze_0x100007f70,-287,True
func_Ze_0x100007f7e,-614,False
func_Ze_0x100007f8e,71,True
func_Ze_0x100007f92,-824,True
func_Ze_0x100007f94,484,False
func_Ze_0x100007f9d,-332,True
func_Ze_0x100008099,120,True
func_Ze_0x10000809f,-199,True
func_Ze_0x1000080a1,111,False
func_Ze_0x1000080a3,-489,True
func_Ze_0x1000080a5,754,False
func_Ze_0x10000b5df,-692,True
func_Ze_0x10000bda9,499,False
func_Ze_0x10000bdab,-209,True
func_Ze_0x10000c2b8,189,False
func_Ze_0x10000c2c7,449,True
func_Ze_0x10000c2f2,363,False
func_Ze_0x10000c2f4,-85,False
func_Ze_0x10000c359,92,False
func_Ze_0x10000c35e,-692,False
func_Zi_0x1000087ed,443,False
func_Zn_0x1000035d2,-811,False
func_Zo_0x10000535a,-731,True
func_Zo_0x10000535c,-492,True
func_Zo_0x10000535f,904,True
func_Zr_0x10000078d,225,True
func_Zr_0x100000791,601,True
func_Zr_0x100003c6f,884,True
func_Zr_0x100003c73,733,True
func_Zr_0x100003c75,964,True
func_Zr_0x100003c79,-774,False
func_Zr_0x100003c7b,590,False
func_Zr_0x100003c7d,293,True
func_Zr_0x100003c7f,588,False
func_Zr_0x100003c81,-578,False
func_Zr_0x100003c83,-208,False
func_Zr_0x100003c89,-437,False
func_Zr_0x100003c8b,231,False
func_Zr_0x100003c8f,1099,False
func_Zr_0x100003c91,712,True
func_Zr_0x100003c97,150,False
func_Zr_0x100003c9f,1053,False
func_Zr_0x100003ca5,-142,False
func_Zr_0x100003ca7,852,False
func_Zr_0x100003caf,-449,True
func_Zr_0x100003cb3,-531,True
func_Zr_0x100003cb7,-817,True
func_Zr_0x100003cb9,647,True
func_Zr_0x100003cbd,-162,False
func_Zr_0x100003cc3,818,False
func_Zr_0x100003cc5,-309,False
func_Zr_0x100003cc7,-587,True
func_Zr_0x100003cc9,-45,False
func_Zr_0x100003ccd,1133,True
func_Zr_0x100003ccf,-668,False
func_Zr_0x100003cd1,-590,True
func_Zr_0x100003cd5,-593,False
func_Zr_0x100003cd7,352,False
func_Zr_0x100003cd9,742,False
func_Zr_0x100003cdb,665,True
func_Zr_0x100003cdd,281,True
func_Zr_0x100003ce5,-28,False
func_Zr_0x100003ce7,-2,True
func_Zr_0x100003ceb,745,False
func_Zr_0x100003cf1,550,False
func_Zr_0x100003cf9,-663,True
func_Zr_0x10000a52d,-605,False
func_Zr_0x10000a531,-421,False
func_Zt_0x1000070d9,-426,True
func_Zt_0x1000070e5,222,True
func_Zt_0x1000070f5,-14,False
func_Zt_0x1000070f9,840,True
func_Zt_0x100007101,377,True
func_Zt_0x100007103,-729,False
func_Zt_0x100007128,695,True
func_Zt_0x100007180,-463,False
func_Zt_0x100007188,686,True
func_Zt_0x100007190,298,False
func_Zt_0x100007198,594,True
func_Zt_0x10000b6bd,352,True
func_Zt_0x10000b8c7,-538,False
func_Zt_0x10000b94b,412,False
func_Zt_0x10000b94d,575,True
func_Zt_0x10000b951,35,True
func_Zt_0x10000b955,987,True
func_Zt_0x10000b998,16,True
func_Zt_0x10000b9b4,693,False
func_Zt_0x10000b9da,-30,True
func_Zt_0x10000b9e2,153,True
func_Zt_0x10000b9ef,643,False
func_Zt_0x10000b9f2,87,False
func_Zt_0x10000b9f4,-333,True
func_Zt_0x10000bc0b,810,False
func_Zt_0x10000bfc4,844,False
func_Zu_0x1000049b6,10,False
func_Zu_0x1000049b8,868,False
func_Zu_0x1000049be,900,False
func_Zu_0x1000049c2,-411,False
func_Zu_0x1000049c4,439,True
func_Zu_0x1000049ca,5,False
func_Zu_0x1000049cc,371,False
func_Zu_0x1000049d6,9,False
func_Zu_0x1000049da,-300,True
func_Zu_0x1000049dc,31,False
func_Zu_0x1000049de,1112,True
func_Zu_0x1000049e2,289,True
func_Zu_0x1000049e6,1122,True
func_Zu_0x1000049f0,568,False
func_Zu_0x1000049f2,569,False
func_Zu_0x1000049f4,41,False
func_Zu_0x1000049f6,-757,False
func_Zu_0x1000049fe,-218,True
func_Zu_0x100004a00,470,False
func_Zu_0x100004a02,-759,False
func_Zu_0x100004a04,-263,False
func_Zu_0x100004a0c,166,False
func_Zu_0x100004a10,820,True
func_Zu_0x100004a12,1087,False
func_Zu_0x100004a14,-267,True
func_Zu_0x100004a16,4,True
func_Zu_0x100004a1a,-596,True
func_Zu_0x100004a1e,-36,False
func_Zu_0x100004a36,-477,True
func_a0_0x10000883b,644,False
func_a_0x100000136,-317,True
func_a_0x100000163,-290,False
func_a_0x100000255,940,True
func_a_0x1000002c1,-680,False
func_a_0x1000002d4,-836,False
func_a_0x100000334,653,False
func_a_0x1000003bd,379,False
func_a_0x1000003ee,688,False
func_a_0x10000040c,396,False
func_a_0x100000421,140,True
func_a_0x100000459,-207,True
func_a_0x1000005ac,577,False
func_a_0x1000005d3,1080,True
func_a_0x100000838,124,True
func_a_0x10000087b,-257,True
func_a_0x10000088e,-435,True
func_a_0x1000008b4,612,False
func_a_0x1000008d5,230,False
func_a_0x100000912,-56,False
func_a_0x100000938,790,True
func_a_0x100000941,918,True
func_a_0x1000037a5,786,True
func_a_0x1000037ae,427,True
func_a_0x10000394b,507,False
func_a_0x100003aaf,361,True
func_a_0x100003acd,-592,True
func_a_0x100003bc5,872,True
func_a_0x100003bc8,-499,False
func_a_0x100003bff,934,True
func_a_0x100003d56,765,True
func_a_0x100004259,641,True
func_a_0x1000045ab,280,True
func_a_0x100004ad6,183,False
func_a_0x100004aff,928,True
func_a_0x100004b01,-852,True
func_a_0x100004b05,-270,False
func_a_0x100004b99,-176,True
func_a_0x100004bb4,121,False
func_a_0x100004bbf,1104,True
func_a_0x1000055c7,988,False
func_a_0x100005644,207,False
func_a_0x10000565c,738,False
func_a_0x10000570a,292,True
func_a_0x100005d0d,357,False
func_a_0x100005d2c,651,False
func_a_0x100005ed9,854,False
func_a_0x10000693d,-166,False
func_a_0x100007074,1033,False
func_a_0x1000071a7,857,False
func_a_0x100007393,-369,False
func_a_0x100007570,777,False
func_a_0x100007708,665,False
func_a_0x100007712,-194,True
func_a_0x1000078e3,-44,False
func_a_0x100007936,-812,True
func_a_0x100007cd3,810,False
func_a_0x1000084c2,-238,False
func_a_0x100008934,-671,False
func_a_0x10000899c,44,False
func_a_0x1000089a8,-715,True
func_a_0x100008ad1,-821,True
func_a_0x100008b46,-457,True
func_a_0x100008b56,-292,True
func_a_0x100008be1,434,False
func_a_0x100008c06,237,True
func_a_0x100009015,-593,False
func_a_0x1000090a0,-88,False
func_a_0x1000090de,423,True
func_a_0x10000929e,-183,True
func_a_0x1000094fc,-732,False
func_a_0x100009532,716,False
func_a_0x100009675,-194,True
func_a_0x100009695,-192,False
func_a_0x1000096e6,909,False
func_a_0x1000096f5,-521,False
func_a_0x1000098c7,666,False
func_a_0x1000098fb,364,True
func_a_0x100009a49,-267,True
func_a_0x100009adf,-534,True
func_a_0x100009bcb,224,False
func_a_0x100009da3,124,True
func_a_0x100009de0,-351,True
func_a_0x100009dff,165,False
func_a_0x100009ec6,978,False
func_a_0x100009efb,843,False
func_a_0x100009f78,188,True
func_a_0x100009ffa,534,True
func_a_0x10000a0dd,1055,True
func_a_0x10000a109,1128,False
func_a_0x10000a3b5,963,False
func_a_0x10000a485,510,False
func_a_0x10000a490,867,False
func_a_0x10000a499,974,True
func_a_0x10000a62d,-149,True
func_a_0x10000a648,552,False
func_a_0x10000a64a,1032,True
func_a_0x10000ab14,905,True
func_a_0x10000abf3,610,True
func_a_0x10000ae71,310,True
func_a_0x10000af1d,-833,False
func_a_0x10000af47,945,False
func_a_0x10000af4e,125,True
func_a_0x10000af50,928,False
func_a_0x10000af55,366,False
func_a_0x10000af57,267,False
func_a_0x10000af5c,-590,False
func_a_0x10000af5e,-335,True
func_a_0x10000b381,217,False
func_a_0x10000b41f,477,False
func_a_0x10000b529,1108,True
func_a_0x10000b52c,-441,True
func_a_0x10000b5f9,883,True
func_a_0x10000b735,709,False
func_a_0x10000b739,-835,False
func_a_0x10000b73e,1104,True
func_a_0x10000b815,441,False
func_a_0x10000b8a5,823,False
func_a_0x10000b8b0,-133,True
func_a_0x10000bee9,826,False
func_a_0x10000c25e,992,False
func_aa_0x100003660,-634,False
func_ae_0x1000044d4,1128,True
func_ae_0x1000044e2,797,False
func_ae_0x10000450f,382,True
func_ae_0x1000057a0,-765,False
func_ae_0x1000057aa,-658,False
func_ae_0x1000057da,-620,True
func_ae_0x100005cad,-77,False
func_ae_0x100005cc8,-630,True
func_ae_0x100005ceb,687,True
func_ae_0x100005e38,-428,True
func_ae_0x100006102,-692,False
func_ae_0x100006108,449,True
func_ae_0x10000611f,28,True
func_ae_0x100006121,684,True
func_ae_0x100006125,952,True
func_ae_0x100006983,162,True
func_ae_0x100006991,-121,False
func_ae_0x100006b2c,614,True
func_ae_0x100006b2e,-456,True
func_ae_0x100006cce,881,True
func_ae_0x100007888,1001,True
func_ae_0x100007aa6,80,False
func_ae_0x100007f9e,-723,False
func_ae_0x1000097df,167,True
func_ae_0x1000097e3,-367,False
func_ae_0x1000097e9,522,True
func_ae_0x1000097ed,964,True
func_ae_0x1000097f1,-257,False
func_ae_0x1000097f9,-167,True
func_ae_0x100009801,607,True
func_ae_0x100009805,-523,False
func_ae_0x100009807,731,True
func_ae_0x100009809,1097,False
func_ae_0x100009beb,76,True
func_ae_0x100009c3d,909,True
func_ae_0x100009d56,607,False
func_ae_0x10000a18f,-407,True
func_ae_0x10000a1aa,-605,False
func_ae_0x10000a1b7,936,True
func_ae_0x10000a1b9,-831,False
func_ae_0x10000a6c6,-348,True
func_ae_0x10000a6ca,-662,True
func_ae_0x10000a6d0,289,False
func_ae_0x10000a6d2,771,True
func_ae_0x10000a6d6,47,False
func_ae_0x10000a6da,639,False
func_ae_0x10000a6dc,536,True
func_ae_0x10000a6e8,-574,False
func_ae_0x10000a6f0,103,True
func_ae_0x10000b84f,1087,False
func_ae_0x10000b869,179,False
func_ae_0x10000b86d,1005,True
func_ae_0x10000b86f,-648,True
func_ae_0x10000ba2e,-794,False
func_ae_0x10000ba30,46,True
func_ae_0x10000ba34,831,True
func_ae_0x10000ba36,-722,True
func_ae_0x10000bdb2,35,True
func_ae_0x10000bdb4,450,True
func_ae_0x10000bdb6,845,False
func_ae_0x10000bdb8,-203,True
func_ae_0x10000be02,781,False
func_ae_0x10000be04,954,True
func_ae_0x10000c48d,1063,False
func_ae_0x10000c5a8,-459,True
func_ae_0x10000c605,-719,False
func_ae_0x10000c61b,-783,True
func_ae_0x10000c62d,-554,True
func_ae_0x10000c697,1135,False
func_ae_0x10000c69b,-418,True
func_ai_0x10000ae26,-270,True
func_ai_0x10000ae2c,821,True
func_ai_0x10000ae38,431,True
func_ai_0x10000ae40,-104,False
func_ao_0x1000083a1,636,True
func_ao_0x1000083d9,-254,False
func_ar_0x10000370d,-245,True
func_ar_0x10000370f,586,True
func_ar_0x100006601,-239,False
func_ar_0x10000660f,243,False
func_ar_0x1000066b2,622,True
func_ar_0x1000066b4,843,True
func_ar_0x1000067be,775,False
func_ar_0x1000067c2,981,True
func_ar_0x10000b6d8,-94,False
func_ar_0x10000b6dc,277,False
func_at_0x100004354,-738,False
func_at_0x100004356,26,True
func_at_0x1000044c8,813,False
func_at_0x1000044e9,-340,False
func_at_0x1000044eb,-28,False
func_at_0x1000044ed,28,False
func_at_0x100005ccc,-698,True
func_at_0x100005cd7,83,False
func_at_0x10000617d,-42,False
func_at_0x10000624b,-688,False
func_at_0x100006266,1091,True
func_at_0x100006268,-307,False
func_at_0x10000626c,-757,False
func_at_0x100006ad0,-54,False
func_at_0x100006ad3,-414,True
func_at_0x100006c85,-360,False
func_at_0x100006ccc,1077,True
func_at_0x10000786e,569,False
func_at_0x10000787c,1114,True
func_at_0x100007f83,520,True
func_at_0x100007f85,341,False
func_at_0x100007f87,-813,False
func_at_0x100007f89,802,True
func_at_0x10000b835,47,True
func_at_0x10000c2e1,329,False
func_at_0x10000c2e5,-819,False
func_at_0x10000c350,511,False
func_at_0x10000c5b5,109,False
func_at_0x10000c627,-265,False
func_at_0x10000c643,793,True
func_au_0x100006ec5,-198,False
func_au_0x100007fc2,114,True
func_au_0x1000083de,-471,False
func_au_0x1000083e0,-650,False
func_au_0x1000083e2,1078,True
func_au_0x1000083e4,787,False
func_au_0x1000083ea,629,True
func_au_0x1000083ec,191,False
func_au_0x10000841a,1117,False
func_au_0x100008430,-452,True
func_au_0x100008434,684,True
func_au_0x10000843f,-373,False
func_au_0x10000845f,995,True
func_au_0x10000ae33,804,True
func_b_0x1000005cb,-404,True
func_b_0x1000008a5,-707,True
func_b_0x1000008a7,764,False
func_b_0x100003988,-609,True
func_b_0x10000398c,87,False
func_b_0x100003a16,-62,False
func_b_0x100003a1a,1097,False
func_b_0x100003a21,-519,False
func_b_0x100003a23,682,False
func_b_0x100003a25,-36,True
func_b_0x100003a2b,924,False
func_b_0x100003b12,-225,False
func_b_0x100003b1c,109,False
func_b_0x100003b34,565,True
func_b_0x100003b40,-31,True
func_b_0x100003c10,587,True
func_b_0x100003c13,31,True
func_b_0x100003c38,996,True
func_b_0x100003c3e,1120,False
func_b_0x100003ee2,1052,True
func_b_0x100003ee4,960,False
func_b_0x1000041ae,842,True
func_b_0x10000437f,-387,True
func_b_0x10000457c,-707,False
func_b_0x100004bfe,-763,True
func_b_0x100004d03,688,False
func_b_0x100004d12,717,False
func_b_0x100004d18,854,False
func_b_0x1000051c7,680,True
func_b_0x100005603,-758,False
func_b_0x100005609,-744,False
func_b_0x10000560f,83,True
func_b_0x100005613,-329,True
func_b_0x1000056a3,-78,False
func_b_0x10000590c,-846,False
func_b_0x100005f68,629,True
func_b_0x100005f6c,-833,True
func_b_0x100005f9c,793,True
func_b_0x100005fc3,968,True
func_b_0x10000602e,414,True
func_b_0x100006551,902,True
func_b_0x100006a27,-665,True
func_b_0x10000705e,806,False
func_b_0x100007401,1116,False
func_b_0x1000074d4,444,True
func_b_0x1000075d4,-615,True
func_b_0x100007703,252,True
func_b_0x1000078c8,654,True
func_b_0x1000079cc,668,True
func_b_0x100007b8b,-791,False
func_b_0x100007b8d,-753,False
func_b_0x100007bdd,555,False
func_b_0x100007bfb,900,False
func_b_0x100007dbc,375,False
func_b_0x100007e2a,737,False
func_b_0x100007e2f,785,True
func_b_0x100007e31,256,False
func_b_0x1000081c2,518,True
func_b_0x1000088f9,-215,True
func_b_0x1000088fb,-742,False
func_b_0x1000088fd,1054,True
func_b_0x100008be4,-27,False
func_b_0x100008bf1,549,False
func_b_0x100008c1b,548,False
func_b_0x100008c50,803,False
func_b_0x100008ca4,-681,True
func_b_0x100008e84,367,True
func_b_0x100008f34,-519,False
func_b_0x10000909d,56,False
func_b_0x1000090f7,670,True
func_b_0x10000913f,370,True
func_b_0x100009170,-4,True
func_b_0x100009172,-613,False
func_b_0x100009175,-419,False
func_b_0x10000948f,-664,True
func_b_0x1000098f3,-785,True
func_b_0x100009aa8,100,False
func_b_0x100009ad2,-355,True
func_b_0x100009ad8,486,False
func_b_0x100009be3,219,True
func_b_0x100009ee5,-676,True
func_b_0x100009f22,372,True
func_b_0x100009fb6,271,True
func_b_0x100009fb8,403,False
func_b_0x10000a0f5,697,False
func_b_0x10000a453,-688,False
func_b_0x10000a7f9,205,True
func_b_0x10000aad5,1004,False
func_b_0x10000acbf,677,True
func_b_0x10000b35c,-681,True
func_b_0x10000b378,870,False
func_b_0x10000b37a,-791,True
func_b_0x10000b47a,868,True
func_b_0x10000b9fe,956,True
func_b_0x10000ba01,-56,True
func_b_0x10000ba7e,569,False
func_b_0x10000ba80,1127,False
func_b_0x10000bae4,289,False
func_b_0x10000bb2c,-167,True
func_b_0x10000bf2c,-210,True
func_b_0x10000c64e,812,False
func_be_0x1000043d6,-350,True
func_be_0x1000043e3,83,True
func_be_0x1000043e6,327,False
func_be_0x100004416,956,False
func_be_0x10000441a,-545,True
func_be_0x100004422,424,True
func_be_0x100004424,1081,True
func_be_0x10000442a,776,False
func_be_0x10000442c,959,True
func_be_0x100004430,-476,False
func_be_0x100004438,717,False
func_be_0x100004d6c,110,False
func_be_0x100004d72,325,False
func_be_0x100004d76,-606,False
func_be_0x100004d92,-739,True
func_be_0x100004d96,-457,False
func_be_0x100004d98,226,False
func_be_0x100004d9e,-543,False
func_be_0x100005d7d,112,True
func_be_0x100005da3,686,True
func_be_0x100006397,-724,False
func_be_0x100007a67,458,False
func_be_0x100007a87,663,True
func_be_0x100008fa5,-572,False
func_be_0x100008fcb,-797,True
func_be_0x1000091fd,-707,False
func_be_0x1000093d7,-89,False
func_be_0x100009d67,1024,False
func_be_0x100009d85,668,True
func_be_0x10000a295,1144,True
func_be_0x10000a297,-54,False
func_be_0x10000a299,333,False
func_be_0x10000a29b,578,True
func_be_0x10000a29d,-725,False
func_be_0x10000a2a3,329,True
func_be_0x10000a2a7,-240,False
func_be_0x10000a2a9,982,True
func_be_0x10000a2ad,-734,False
func_be_0x10000a2af,574,False
func_be_0x10000a2b1,257,False
func_be_0x10000a2b5,-400,True
func_be_0x10000a2b7,-719,False
func_be_0x10000a2b9,-240,True
func_be_0x10000a2bf,99,False
func_be_0x10000a2c1,1120,False
func_be_0x10000a2c5,-357,True
func_be_0x10000a2cb,651,False
func_be_0x10000a2d5,-643,True
func_be_0x10000a2df,-569,False
func_be_0x10000a2e4,-648,True
func_be_0x10000a7de,914,True
func_be_0x10000a7e8,-743,True
func_be_0x10000a7ea,-79,True
func_be_0x10000a7f0,-34,True
func_be_0x10000a7f4,20,True
func_be_0x10000bcd2,969,False
func_be_0x10000c0b6,656,False
func_be_0x10000c0bc,-653,False
func_be_0x10000c0be,693,True
func_bi_0x10000ad3b,1053,True
func_bi_0x10000b0bf,-140,False
func_bi_0x10000b0c3,-186,True
func_br_0x1000046fa,-455,True
func_br_0x100004713,-768,False
func_br_0x100004721,920,True
func_br_0x10000472b,33,False
func_br_0x10000472d,568,False
func_br_0x10000472f,-387,False
func_br_0x100004733,1110,False
func_br_0x100004739,327,True
func_br_0x10000473d,781,False
func_br_0x100004741,20,True
func_br_0x100004745,132,False
func_br_0x100004749,-365,False
func_br_0x10000474b,-396,False
func_br_0x10000474d,-52,False
func_br_0x10000474f,-650,False
func_br_0x100004753,362,False
func_br_0x100004755,532,False
func_br_0x10000475b,-2,True
func_br_0x10000475f,573,True
func_br_0x100004769,-502,True
func_br_0x10000476b,933,True
func_br_0x10000477b,611,False
func_br_0x100004781,50,False
func_br_0x10000478f,-594,True
func_br_0x100004791,-813,False
func_br_0x100004795,-219,True
func_br_0x100004797,872,True
func_br_0x100004799,362,True
func_br_0x10000479f,-686,True
func_br_0x1000047a5,622,False
func_br_0x1000047a7,286,True
func_br_0x1000047ab,293,False
func_br_0x1000047ad,386,False
func_br_0x1000047af,697,True
func_br_0x1000047b3,948,False
func_br_0x1000047b7,786,False
func_br_0x1000047bd,266,False
func_br_0x1000047bf,814,False
func_br_0x1000047c3,561,True
func_br_0x1000047c9,497,False
func_br_0x1000047cb,-546,False
func_br_0x1000047cd,-677,False
func_br_0x1000047cf,-115,True
func_br_0x1000047d3,1037,True
func_br_0x1000047db,-145,False
func_br_0x1000047dd,-607,False
func_br_0x1000047df,-672,True
func_br_0x1000047e1,-282,True
func_br_0x1000047e5,440,True
func_br_0x1000047e7,-179,False
func_br_0x1000047eb,493,True
func_br_0x1000047ed,-459,False
func_br_0x1000047ef,1121,False
func_br_0x1000047f1,341,True
func_br_0x1000047f9,-717,False
func_br_0x1000047fb,-832,True
func_br_0x1000047fd,-21,False
func_br_0x100004801,883,True
func_br_0x100004807,-51,True
func_br_0x100004809,738,True
func_br_0x10000480b,-344,False
func_br_0x100004811,612,False
func_br_0x100004813,825,True
func_br_0x100004815,916,False
func_br_0x100004819,518,True
func_br_0x10000481d,-350,False
func_br_0x100004825,-156,False
func_br_0x10000482b,1058,True
func_br_0x100004831,58,False
func_br_0x100004835,-775,True
func_br_0x100004837,756,True
func_br_0x100004839,628,True
func_br_0x10000483b,-534,False
func_br_0x10000483f,125,False
func_br_0x100004843,760,False
func_br_0x100004845,-581,True
func_br_0x100004849,-401,False
func_br_0x100004851,997,False
func_br_0x100004853,-61,True
func_br_0x10000485d,-683,True
func_br_0x100004861,-146,False
func_br_0x100004863,-615,True
func_br_0x100004865,-362,True
func_br_0x100004867,570,True
func_br_0x100004873,187,False
func_br_0x100004875,-670,False
func_br_0x100004877,641,True
func_br_0x100004879,-605,True
func_br_0x10000487f,-668,True
func_br_0x100004881,390,True
func_br_0x100004883,-738,False
func_br_0x100004887,167,False
func_br_0x10000488d,523,True
func_br_0x100004891,71,True
func_br_0x100004895,49,True
func_br_0x100004897,-465,True
func_br_0x100004899,254,False
func_br_0x1000048a1,290,True
func_br_0x1000048a3,671,False
func_br_0x1000048a5,-105,True
func_br_0x1000048ab,1038,False
func_br_0x1000048af,-778,True
func_br_0x1000048bd,-285,True
func_br_0x1000048bf,804,True
func_br_0x1000048c1,-320,True
func_br_0x1000048c5,443,True
func_br_0x1000048c7,-601,False
func_br_0x1000048c9,-302,False
func_br_0x1000048cb,-542,False
func_br_0x1000048cd,242,False
func_br_0x1000048d5,650,False
func_br_0x1000048d7,666,False
func_br_0x1000048dd,-765,False
func_br_0x1000048e1,-402,False
func_br_0x1000048e3,-775,False
func_br_0x1000048eb,267,True
func_br_0x1000048f1,-467,False
func_br_0x1000048f3,-83,True
func_br_0x1000048f5,-760,True
func_br_0x1000048f9,-504,True
func_br_0x1000048fd,-383,True
func_br_0x100004901,78,True
func_br_0x100004903,-406,False
func_br_0x100004909,-760,False
func_br_0x10000490f,-341,False
func_br_0x100004913,-238,True
func_br_0x100004915,70,True
func_br_0x100004917,-852,False
func_br_0x10000491f,-272,False
func_br_0x100004925,-728,True
func_br_0x100004929,-97,True
func_br_0x10000492b,-359,False
func_br_0x100004931,781,True
func_br_0x100004935,989,False
func_br_0x100004937,578,True
func_br_0x100004939,-665,False
func_br_0x10000493b,-573,False
func_br_0x100004943,449,True
func_br_0x10000494d,-41,False
func_br_0x100004951,-604,True
func_br_0x100004953,803,False
func_br_0x100004957,-244,True
func_br_0x100004963,285,False
func_br_0x100004965,412,True
func_br_0x10000496b,44,True
func_br_0x100004971,-640,False
func_br_0x100004975,-248,True
func_br_0x100004977,1043,False
func_br_0x100004979,545,True
func_br_0x10000497d,88,True
func_br_0x10000497f,-618,True
func_br_0x100004987,789,False
func_br_0x10000498b,-536,False
func_br_0x10000498e,777,True
func_br_0x100004995,-608,True
func_br_0x100004998,-714,False
func_br_0x100004a47,-720,True
func_br_0x100004a57,909,False
func_bt_0x100008577,-720,True
func_bt_0x100008582,142,False
func_bt_0x10000864b,381,True
func_bt_0x100008653,90,True
func_bt_0x100008655,-748,True
func_bt_0x100008657,-655,True
func_bt_0x100008670,688,False
func_bt_0x100008681,-428,True
func_bt_0x100008683,35,True
func_bt_0x100008685,699,False
func_bt_0x100008687,-843,True
func_bt_0x10000868f,-556,False
func_bt_0x100008691,271,False
func_bt_0x1000086a5,-629,False
func_bt_0x1000086a7,-435,True
func_bt_0x1000086a9,260,True
func_bt_0x1000086af,-632,True
func_bt_0x1000086b1,834,True
func_bt_0x1000086b5,735,True
func_bt_0x1000086b7,1070,True
func_bt_0x1000086b9,-847,True
func_bt_0x1000086bb,-147,True
func_bt_0x1000086cf,-418,False
func_bt_0x1000086d6,-472,False
func_bt_0x1000086d9,510,False
func_bt_0x1000086dc,-207,False
func_bt_0x1000086ee,-697,False
func_bt_0x1000086fd,618,False
func_bt_0x1000086ff,-244,False
func_bt_0x100008703,-813,False
func_bt_0x100008711,730,False
func_bt_0x100008715,924,False
func_bt_0x10000871b,-273,True
func_bt_0x100008723,-369,False
func_bt_0x100008727,672,True
func_bt_0x10000873b,354,False
func_bt_0x10000873f,696,True
func_bt_0x100008741,-570,True
func_bt_0x100008743,275,True
func_bt_0x100008747,-67,False
func_bt_0x100008749,-243,False
func_bt_0x10000874e,875,False
func_bt_0x100008754,-709,True
func_bt_0x10000875a,-280,False
func_bt_0x10000875c,1019,True
func_bt_0x100008760,208,True
func_bt_0x100008768,88,True
func_bt_0x10000877a,-573,False
func_bt_0x100008783,644,True
func_bt_0x100008797,668,False
func_bt_0x10000879d,958,False
func_bt_0x10000879f,199,True
func_bt_0x1000087a4,-376,True
func_bt_0x1000087b5,210,True
func_bt_0x1000087c1,662,True
func_bt_0x1000087ec,903,False
func_bt_0x1000087f2,145,False
func_bt_0x1000087f4,540,False
func_bt_0x1000087f6,-398,False
func_bt_0x1000087f9,-205,True
func_bt_0x1000087ff,29,False
func_bt_0x100008826,881,False
func_bt_0x10000883e,22,True
func_bt_0x100008840,-340,True
func_bt_0x100008846,912,False
func_bt_0x100008858,-155,False
func_bt_0x10000885a,308,False
func_bt_0x100008862,-378,False
func_bt_0x100008897,-574,True
func_bt_0x1000088b0,-157,True
func_bu_0x100004031,1036,False
func_bu_0x100004037,641,True
func_bu_0x10000403b,181,False
func_bu_0x10000403d,441,True
func_bu_0x100004041,-64,False
func_bu_0x10000404b,-329,True
func_bu_0x100007118,639,True
func_bu_0x10000711a,257,True
func_bu_0x10000b96f,-829,False
func_bu_0x10000b9c6,212,False
func_bu_0x10000c226,-111,False
func_c_0x100000094,750,True
func_c_0x1000000fa,-29,False
func_c_0x1000001a6,-390,False
func_c_0x1000001d1,-700,True
func_c_0x100000214,-565,False
func_c_0x1000003bb,306,False
func_c_0x1000003f8,444,False
func_c_0x100000424,-774,True
func_c_0x10000045f,1134,False
func_c_0x10000048b,299,False
func_c_0x100000527,-845,False
func_c_0x100000533,81,True
func_c_0x100000576,452,True
func_c_0x1000005b1,700,False
func_c_0x1000005b9,-59,False
func_c_0x100000872,-790,False
func_c_0x10000090d,-336,False
func_c_0x1000037b4,172,True
func_c_0x1000037d3,-72,True
func_c_0x1000037ed,903,False
func_c_0x100003a90,123,True
func_c_0x100003c16,-329,False
func_c_0x100003cfe,-543,True
func_c_0x100003d08,-662,False
func_c_0x100003d81,-79,True
func_c_0x100003d86,-672,False
func_c_0x1000041a1,-403,False
func_c_0x10000457b,620,True
func_c_0x100004ac6,-143,False
func_c_0x100004be9,125,True
func_c_0x100004c8c,512,False
func_c_0x1000051fe,1066,True
func_c_0x1000055ee,-828,True
func_c_0x100005646,340,False
func_c_0x100005988,-605,False
func_c_0x100005f17,407,False
func_c_0x100005f2c,566,True
func_c_0x100005f79,-834,True
func_c_0x100005f9b,74,False
func_c_0x100006099,730,False
func_c_0x100006f92,568,True
func_c_0x100007338,612,True
func_c_0x1000073c3,-129,True
func_c_0x1000073cf,-706,True
func_c_0x10000741c,213,True
func_c_0x100007490,117,True
func_c_0x1000074c9,760,False
func_c_0x10000791d,483,True
func_c_0x100007998,545,False
func_c_0x100007c6e,-758,True
func_c_0x1000084bb,-611,False
func_c_0x100008527,368,False
func_c_0x100008538,306,False
func_c_0x100008903,966,False
func_c_0x100008911,-371,True
func_c_0x1000089d0,89,True
func_c_0x1000089ed,-115,True
func_c_0x100008c94,902,True
func_c_0x1000094cc,439,False
func_c_0x10000961a,934,False
func_c_0x1000099b2,135,True
func_c_0x100009a9b,901,False
func_c_0x100009b14,-98,True
func_c_0x100009b33,987,False
func_c_0x100009b43,910,False
func_c_0x100009b62,955,True
func_c_0x100009dd6,353,True
func_c_0x100009ded,958,False
func_c_0x100009ea7,327,False
func_c_0x100009eba,-187,True
func_c_0x100009ee9,-324,True
func_c_0x100009f64,-15,False
func_c_0x100009f8a,-296,True
func_c_0x100009f9c,433,False
func_c_0x100009fde,934,False
func_c_0x10000a045,-16,True
func_c_0x10000a04f,517,False
func_c_0x10000a0bc,912,True
func_c_0x10000a0d7,-626,False
func_c_0x10000a118,-291,False
func_c_0x10000a168,949,True
func_c_0x10000a1e1,536,True
func_c_0x10000a238,-181,False
func_c_0x10000a23c,185,True
func_c_0x10000a241,54,False
func_c_0x10000a367,582,False
func_c_0x10000a488,1102,False
func_c_0x10000a63b,390,True
func_c_0x10000a743,350,False
func_c_0x10000aa79,-657,True
func_c_0x10000aac4,-720,True
func_c_0x10000acac,460,True
func_c_0x10000aeca,-194,False
func_c_0x10000b16e,-241,True
func_c_0x10000b251,45,False
func_c_0x10000b38f,894,False
func_c_0x10000b537,-834,False
func_c_0x10000b543,46,False
func_c_0x10000b8b3,86,False
func_c_0x10000ba0b,953,False
func_c_0x10000bf3b,1142,True
func_c_0x10000c6d7,-244,True
func_ce_0x1000005e6,48,False
func_ce_0x100003c59,850,True
func_ce_0x10000440c,907,False
func_ce_0x100005d72,-385,True
func_ce_0x100005d74,505,False
func_ce_0x100005d78,-354,True
func_ce_0x1000060de,-200,True
func_ce_0x1000060f2,-345,True
func_ce_0x1000060fa,-718,True
func_ce_0x1000063a2,913,True
func_ce_0x1000063a4,-21,True
func_ce_0x1000063a6,744,True
func_ce_0x1000063a8,923,False
func_ce_0x1000063aa,708,False
func_ce_0x1000063ae,-75,False
func_ce_0x1000063b0,1147,True
func_ce_0x1000063b6,722,False
func_ce_0x1000063bc,-196,True
func_ce_0x1000063c0,-489,False
func_ce_0x1000063cc,-265,False
func_ce_0x1000063ce,734,False
func_ce_0x1000063d6,48,True
func_ce_0x100006bc0,623,True
func_ce_0x100006bc4,-114,False
func_ce_0x100006bc8,347,False
func_ce_0x100006bca,-251,True
func_ce_0x100006bd6,-453,True
func_ce_0x100006be4,947,False
func_ce_0x100006be8,-4,False
func_ce_0x100006bf0,864,False
func_ce_0x100006bf2,93,False
func_ce_0x100006bf4,-689,False
func_ce_0x100006bf6,-275,False
func_ce_0x100006bfe,779,True
func_ce_0x100006c02,-328,False
func_ce_0x100006c06,617,True
func_ce_0x100006c08,36,False
func_ce_0x100006c0c,-173,True
func_ce_0x100006c0e,68,False
func_ce_0x100006c12,24,True
func_ce_0x100006c14,-72,False
func_ce_0x100006c16,233,True
func_ce_0x100006c1a,-423,False
func_ce_0x100006c1c,526,True
func_ce_0x100006c1e,-155,False
func_ce_0x100006c20,-453,False
func_ce_0x100006c22,-801,True
func_ce_0x100006c24,343,True
func_ce_0x100006c26,1100,True
func_ce_0x100006c34,-515,True
func_ce_0x100006c40,-224,False
func_ce_0x100006c42,-152,False
func_ce_0x100006c46,865,True
func_ce_0x10000730a,-376,True
func_ce_0x100007a8b,-107,True
func_ce_0x100008464,250,True
func_ce_0x100008d57,317,True
func_ce_0x100009394,638,True
func_ce_0x100009396,-391,True
func_ce_0x1000093a6,-664,False
func_ce_0x1000093aa,-565,True
func_ce_0x1000093f0,828,False
func_ce_0x1000093f5,1045,False
func_ce_0x10000a2e6,-828,False
func_ce_0x10000a4fb,-372,False
func_ce_0x10000a505,-426,True
func_ce_0x10000a55d,1074,False
func_ce_0x10000a55f,-786,True
func_ce_0x10000be9e,1026,False
func_ce_0x10000c2db,379,False
func_cn_0x100005300,-720,False
func_cn_0x100005337,-76,False
func_cn_0x100005403,-800,True
func_cn_0x100005472,709,False
func_cs_0x100004704,-483,True
func_ct_0x10000440b,593,True
func_ct_0x100004d4f,-288,False
func_ct_0x1000060ea,394,False
func_ct_0x100006b80,375,True
func_ct_0x100007281,-821,True
func_ct_0x100007298,643,True
func_ct_0x1000072f6,1081,True
func_ct_0x1000072f8,905,False
func_ct_0x10000730c,451,True
func_ct_0x100008d3d,-243,False
func_ct_0x100008d55,-667,True
func_ct_0x10000938d,490,True
func_ct_0x1000093e6,515,False
func_ct_0x10000a580,895,False
func_ct_0x10000a769,99,False
func_ct_0x10000a77a,531,True
func_ct_0x10000a7e0,-642,False
func_ct_0x10000bdd8,674,True
func_ct_0x10000c2d9,-686,True
func_de_0x100000203,119,True
func_de_0x10000380d,-116,True
func_de_0x10000380f,-745,True
func_de_0x100003846,920,False
func_de_0x10000385a,-37,False
func_de_0x100003906,988,False
func_de_0x100003910,-35,False
func_de_0x100003918,180,True
func_de_0x100003923,660,False
func_de_0x100003927,-852,False
func_de_0x100003a59,311,True
func_de_0x100003a5b,21,True
func_de_0x100003a5f,90,True
func_de_0x100003a63,609,False
func_de_0x100003a65,321,True
func_de_0x100003a67,343,False
func_de_0x100003a69,732,True
func_de_0x100003a6e,941,False
func_de_0x100003e98,-759,False
func_de_0x100003ea2,1139,False
func_de_0x100004a96,696,True
func_de_0x100004a98,891,True
func_de_0x100004e86,17,False
func_de_0x100004e98,-638,False
func_de_0x1000056de,-3,True
func_de_0x100005b57,809,True
func_de_0x1000062b1,925,False
func_de_0x1000062bc,-7,False
func_de_0x1000062c5,-625,True
func_de_0x10000637f,-809,False
func_de_0x100006454,483,False
func_de_0x100006484,1072,False
func_de_0x1000070a9,369,False
func_de_0x10000754a,-515,False
func_de_0x10000754d,-461,True
func_de_0x100007eeb,117,True
func_de_0x10000975c,-357,True
func_de_0x100009763,677,True
func_de_0x10000985a,-233,False
func_de_0x10000985c,513,False
func_de_0x100009a7b,-742,False
func_de_0x10000ab71,771,True
func_de_0x10000b3ed,-483,True
func_de_0x10000b5ed,1133,False
func_de_0x10000b779,-316,False
func_de_0x10000bd97,-689,True
func_de_0x10000c41d,13,False
func_de_0x10000c421,-503,True
func_de_0x10000c423,400,False
func_de_0x10000c432,682,False
func_de_0x10000c434,-597,True
func_de_0x10000c436,577,False
func_de_0x10000c438,713,False
func_de_0x10000c43a,331,True
func_de_0x10000c43e,-159,True
func_de_0x10000c444,283,False
func_de_0x10000c453,535,False
func_de_0x10000c482,764,True
func_de_0x10000c571,-202,True
func_dn_0x1000007da,773,False
func_dn_0x1000040de,-295,True
func_dn_0x10000a54c,805,True
func_dn_0x10000bfc7,954,True
func_dn_0x10000bfcb,-708,True
func_dn_0x10000bfd4,469,True
func_dn_0x10000bfd6,592,False
func_dn_0x10000bfd8,542,False
func_dn_0x10000bfde,648,True
func_dn_0x10000bfe0,1001,False
func_dn_0x10000bfe2,902,True
func_dn_0x10000bfe6,-242,False
func_dn_0x10000bfec,-363,True
func_dn_0x10000bff0,-337,True
func_dn_0x10000bffa,-672,False
func_dn_0x10000bffc,433,True
func_dn_0x10000bffe,174,True
func_dn_0x10000c000,-465,True
func_dn_0x10000c002,-760,False
func_dn_0x10000c004,-58,True
func_dn_0x10000c006,210,True
func_dn_0x10000c008,-677,False
func_dn_0x10000c00c,-245,False
func_dn_0x10000c010,1032,True
func_dn_0x10000c012,-817,False
func_dn_0x10000c01a,-269,False
func_dn_0x10000c01c,270,False
func_dn_0x10000c1d9,13,False
func_dn_0x10000c23d,741,False
func_dr_0x1000007e6,807,False
func_dr_0x1000040e0,-182,True
func_dr_0x10000a962,51,True
func_dr_0x10000b6a6,433,False
func_dr_0x10000bfea,728,True
func_dr_0x10000bfee,981,False
func_dr_0x10000c23f,327,True
func_dt_0x100008573,425,True
func_dt_0x100008575,123,False
func_dt_0x10000857b,526,False
func_dt_0x100008645,211,False
func_dt_0x10000864f,-687,False
func_dt_0x100008673,-736,True
func_dt_0x100008675,515,False
func_dt_0x100008679,783,False
func_dt_0x10000867b,-426,True
func_dt_0x10000867d,-76,False
func_dt_0x10000867f,934,False
func_dt_0x10000868c,-825,False
func_dt_0x100008697,103,False
func_dt_0x1000086cd,-262,False
func_dt_0x1000086d1,780,True
func_dt_0x1000086d3,-540,False
func_dt_0x1000086df,-267,False
func_dt_0x1000086e2,-680,False
func_dt_0x1000086e5,-691,True
func_dt_0x1000086e8,699,False
func_dt_0x1000086eb,-344,True
func_dt_0x1000086f1,-593,True
func_dt_0x1000086f4,-59,False
func_dt_0x1000086f7,-323,True
func_dt_0x1000086fa,623,True
func_dt_0x100008701,-422,False
func_dt_0x100008725,718,True
func_dt_0x10000872d,284,False
func_dt_0x10000874b,698,False
func_dt_0x100008764,389,False
func_dt_0x10000876d,465,True
func_dt_0x100008770,-764,True
func_dt_0x100008772,814,True
func_dt_0x100008776,688,False
func_dt_0x10000878e,-820,False
func_dt_0x1000087dc,-848,True
func_dt_0x1000087de,49,False
func_dt_0x1000087e0,-839,True
func_dt_0x1000087fb,-494,False
func_dt_0x100008804,-18,True
func_dt_0x100008853,1091,False
func_dt_0x100008855,200,False
func_dt_0x10000885c,-793,True
func_dt_0x10000886b,1148,True
func_dt_0x100008878,-535,False
func_dt_0x10000887a,735,False
func_dt_0x100008891,807,True
func_dt_0x1000088b6,122,False
func_dt_0x1000088c0,-236,True
func_dt_0x1000088c4,-348,True
func_dt_0x1000088c7,-542,False
func_du_0x1000065e4,380,False
func_du_0x1000065f6,-156,True
func_du_0x10000679e,-3,True
func_du_0x10000b709,-642,False
func_e_0x10000004b,1019,False
func_e_0x100000262,-544,False
func_e_0x100000396,233,False
func_e_0x1000003d3,820,False
func_e_0x100000406,153,True
func_e_0x100000472,-255,False
func_e_0x1000005e3,1014,False
func_e_0x100000875,572,True
func_e_0x10000087f,810,False
func_e_0x100000891,125,True
func_e_0x10000089d,553,False
func_e_0x1000008b7,-327,False
func_e_0x1000008be,627,True
func_e_0x100000953,17,False
func_e_0x100004175,411,False
func_e_0x10000451b,-374,True
func_e_0x100004521,-332,False
func_e_0x100004529,-224,False
func_e_0x100004530,343,False
func_e_0x100004534,879,False
func_e_0x10000453b,507,True
func_e_0x10000454c,-597,True
func_e_0x100004552,36,False
func_e_0x100004ac9,186,False
func_e_0x100004acc,-559,True
func_e_0x100004ada,-709,False
func_e_0x100004adf,-572,True
func_e_0x100004b22,-800,False
func_e_0x100004d60,819,False
func_e_0x1000051d9,-660,False
func_e_0x100005201,465,False
func_e_0x10000563a,-425,False
func_e_0x100005649,-800,False
func_e_0x100005696,778,True
func_e_0x100005abc,878,True
func_e_0x100005d70,575,True
func_e_0x100005d76,531,False
func_e_0x1000060e6,-240,False
func_e_0x1000060ee,451,True
func_e_0x10000639c,242,True
func_e_0x10000639e,-296,True
func_e_0x1000063da,-247,True
func_e_0x100006b7e,853,False
func_e_0x100006bc6,-295,True
func_e_0x100006bcc,715,False
func_e_0x100006bd2,-798,True
func_e_0x100006bd8,-401,False
func_e_0x100006bdc,-634,False
func_e_0x100006bde,712,True
func_e_0x100006be2,99,False
func_e_0x100006be6,-507,True
func_e_0x100006bea,-826,False
func_e_0x100006bec,-819,True
func_e_0x100006bee,511,True
func_e_0x100006bf8,-416,True
func_e_0x100006bfa,505,True
func_e_0x100006c00,540,True
func_e_0x100006c3a,87,False
func_e_0x100006c3c,75,True
func_e_0x100006c44,-648,True
func_e_0x100007291,246,False
func_e_0x100007a7f,-439,True
func_e_0x100007a9b,-416,True
func_e_0x100007a9d,884,True
func_e_0x10000938e,-690,False
func_e_0x100009392,1026,False
func_e_0x1000093a2,928,False
func_e_0x1000093a4,-613,False
func_e_0x1000093ac,-25,True
func_e_0x1000093df,1010,True
func_e_0x10000948c,-193,True
func_e_0x1000094b9,733,False
func_e_0x1000094dc,-677,False
func_e_0x100009524,1080,False
func_e_0x100009526,414,False
func_e_0x100009ae6,121,False
func_e_0x100009af1,367,False
func_e_0x100009af6,-523,False
func_e_0x100009afa,467,False
func_e_0x100009b08,934,True
func_e_0x100009dbf,1051,False
func_e_0x10000a0cd,-632,False
func_e_0x10000a0ed,430,True
func_e_0x10000a502,295,True
func_e_0x10000a517,-849,True
func_e_0x10000a5b9,1096,True
func_e_0x10000a5bd,508,False
func_e_0x10000a5bf,-536,False
func_e_0x10000a5cb,415,True
func_e_0x10000a5de,-580,False
func_e_0x10000a5e5,-277,False
func_e_0x10000a5ec,939,False
func_e_0x10000a5f1,550,True
func_e_0x10000a75f,343,False
func_e_0x10000a76c,-803,True
func_e_0x10000a78a,1109,False
func_e_0x10000abd6,923,False
func_e_0x10000ac03,-608,True
func_e_0x10000bb40,75,True
func_e_0x10000bd1b,485,False
func_e_0x10000bd2f,219,True
func_e_0x10000bd43,121,False
func_e_0x10000bddf,-681,False
func_e_0x10000c2dd,817,True
func_ee_0x1000035a6,-181,False
func_ee_0x100003821,285,True
func_ee_0x1000038f5,-736,True
func_ee_0x100003a54,9,True
func_ee_0x100003f56,1010,False
func_ee_0x100003f5c,269,True
func_ee_0x100003f60,320,True
func_ee_0x100003f62,643,True
func_ee_0x100003f64,756,True
func_ee_0x100003f68,473,False
func_ee_0x100003fee,1087,False
func_ee_0x1000040fb,832,False
func_ee_0x100004108,114,False
func_ee_0x10000410e,478,True
func_ee_0x10000412c,-384,True
func_ee_0x100004134,557,False
func_ee_0x100004162,10,True
func_ee_0x10000431b,1040,False
func_ee_0x1000043ae,-174,True
func_ee_0x1000043b0,284,False
func_ee_0x1000043b4,868,True
func_ee_0x1000043b6,-70,True
func_ee_0x100004445,193,False
func_ee_0x100004aad,-419,False
func_ee_0x1000056ce,870,False
func_ee_0x1000056d4,-823,False
func_ee_0x1000056f0,737,True
func_ee_0x100005701,-382,True
func_ee_0x100005827,-807,True
func_ee_0x100005c04,438,True
func_ee_0x100005c06,214,False
func_ee_0x100005c0c,-42,False
func_ee_0x100005c0e,-529,True
func_ee_0x100005e70,783,True
func_ee_0x100005e79,1136,True
func_ee_0x10000607b,26,False
func_ee_0x10000630c,-542,True
func_ee_0x100006312,84,False
func_ee_0x10000631e,-444,False
func_ee_0x1000064d4,-330,True
func_ee_0x1000064f5,555,True
func_ee_0x1000064f7,594,True
func_ee_0x1000064f9,1139,False
func_ee_0x1000064ff,129,False
func_ee_0x100006501,-466,True
func_ee_0x100006b4b,640,True
func_ee_0x100006b5c,-377,True
func_ee_0x100006b60,666,True
func_ee_0x100006d39,1026,True
func_ee_0x100006d3b,-495,True
func_ee_0x100006d42,6,False
func_ee_0x100006d44,-77,False
func_ee_0x100006d6c,191,False
func_ee_0x100006d6e,-726,False
func_ee_0x100006d71,860,False
func_ee_0x100006d99,-576,True
func_ee_0x100006da7,-368,True
func_ee_0x100006faf,-571,False
func_ee_0x1000071e0,-336,False
func_ee_0x1000071e2,-374,False
func_ee_0x1000071e4,-608,False
func_ee_0x1000074ac,-148,True
func_ee_0x1000075de,472,False
func_ee_0x1000075e0,-149,True
func_ee_0x100007821,492,True
func_ee_0x100007c2a,460,True
func_ee_0x100007c40,-112,True
func_ee_0x100007c44,142,True
func_ee_0x100008ae9,754,True
func_ee_0x100008aed,794,False
func_ee_0x100008aef,392,True
func_ee_0x100008af3,915,False
func_ee_0x100008af9,737,False
func_ee_0x100008afb,-691,True
func_ee_0x100008aff,-588,True
func_ee_0x100008b0f,323,True
func_ee_0x100008b15,-580,False
func_ee_0x100008b17,-524,False
func_ee_0x100008ccf,-243,True
func_ee_0x10000986f,-623,False
func_ee_0x100009a61,875,False
func_ee_0x100009a6a,387,True
func_ee_0x100009a6c,984,False
func_ee_0x100009a72,-43,True
func_ee_0x100009a96,1072,True
func_ee_0x10000a68d,-604,False
func_ee_0x10000a8a4,-258,True
func_ee_0x10000a8a6,118,False
func_ee_0x10000a92c,-287,False
func_ee_0x10000aafe,445,False
func_ee_0x10000ab08,-800,False
func_ee_0x10000aeb2,411,False
func_ee_0x10000b45c,62,False
func_ee_0x10000b45e,92,True
func_ee_0x10000b494,651,False
func_ee_0x10000b49c,503,False
func_ee_0x10000bd5f,-18,False
func_ee_0x10000bd94,-308,False
func_ee_0x10000be16,258,True
func_ee_0x10000be20,-633,True
func_ee_0x10000be28,1127,True
func_ee_0x10000be2a,654,False
func_ee_0x10000c379,-638,False
func_ee_0x10000c3c1,707,True
func_ee_0x10000c3c4,-709,True
func_ee_0x10000c3e2,-42,False
func_ee_0x10000c3e4,237,False
func_ee_0x10000c3ee,781,False
func_ee_0x10000c56b,38,True
func_ei_0x1000052e7,147,True
func_ei_0x1000052f4,-650,False
func_ei_0x100005355,610,False
func_ei_0x1000054b3,1138,True
func_ei_0x1000054c3,-636,True
func_ei_0x1000054df,-309,False
func_ei_0x100005516,-408,True
func_ei_0x10000556f,-287,True
func_ei_0x100005571,-173,False
func_er_0x1000070fb,-624,True
func_er_0x1000070ff,1132,True
func_er_0x100007107,-748,True
func_er_0x100007109,-202,True
func_er_0x100007182,-852,True
func_er_0x100007184,1081,False
func_er_0x10000718c,-833,False
func_er_0x10000718e,385,False
func_er_0x10000b6ad,-820,True
func_er_0x10000b6b3,-390,True
func_er_0x10000b6c3,753,False
func_er_0x10000b8c9,-348,True
func_er_0x10000b957,294,False
func_er_0x10000b9eb,-582,True
func_er_0x10000c176,-628,False
func_er_0x10000c182,370,True
func_er_0x10000c188,253,True
func_et_0x1000007d6,1060,True
func_et_0x100003402,-410,True
func_et_0x10000b6ab,1117,True
func_et_0x10000b6b1,896,True
func_et_0x10000b6b9,965,False
func_et_0x10000b6cb,-545,False
func_et_0x10000b8cb,-185,False
func_et_0x10000bb77,-636,False
func_et_0x10000bb7d,-653,True
func_et_0x10000bb7f,920,True
func_et_0x10000bb81,-447,True
func_et_0x10000bb83,-226,True
func_et_0x10000bb85,722,False
func_et_0x10000bb95,-805,True
func_et_0x10000bb97,645,False
func_et_0x10000bb99,935,True
func_et_0x10000bb9b,1022,False
func_et_0x10000bb9d,-670,True
func_et_0x10000bb9f,147,False
func_et_0x10000bba1,1111,False
func_et_0x10000bba3,-722,True
func_et_0x10000bbab,-671,True
func_et_0x10000bbb5,-388,False
func_et_0x10000bbb7,154,False
func_et_0x10000bbb9,245,False
func_et_0x10000bbbb,-684,True
func_et_0x10000bbc1,-814,False
func_et_0x10000bbc9,1086,True
func_et_0x10000bbcb,-627,False
func_et_0x10000bbd1,-773,False
func_et_0x10000bbd9,559,False
func_et_0x10000bbdb,284,False
func_et_0x10000bbdf,851,True
func_et_0x10000bbe5,845,True
func_et_0x10000bbed,-243,False
func_et_0x10000bbf3,-439,True
func_et_0x10000bbf7,1137,True
func_et_0x10000bc01,-734,True
func_et_0x10000bc03,43,True
func_et_0x10000c16c,561,False
func_et_0x10000c172,-489,False
func_et_0x10000c1ed,24,True
func_et_0x10000c1f1,214,True
func_f_0x10000004f,976,False
func_f_0x100000231,-778,True
func_f_0x100000241,-233,False
func_f_0x100000244,-256,False
func_f_0x10000027c,195,True
func_f_0x1000002fd,1072,False
func_f_0x10000036c,-308,False
func_f_0x100000398,629,True
func_f_0x1000003fb,1075,True
func_f_0x100000437,-20,True
func_f_0x10000048f,-76,False
func_f_0x100000494,-811,True
func_f_0x100000530,-223,False
func_f_0x10000055b,237,True
func_f_0x1000008a1,910,True
func_f_0x10000095b,936,False
func_f_0x10000338a,1049,True
func_f_0x1000037e4,247,True
func_f_0x1000037e8,141,False
func_f_0x1000038fd,1130,False
func_f_0x100003945,133,False
func_f_0x100003951,-443,False
func_f_0x100003956,413,False
func_f_0x1000039be,186,False
func_f_0x1000039ef,-745,False
func_f_0x100003a40,-254,True
func_f_0x100003aca,-291,False
func_f_0x100003af8,142,False
func_f_0x100003b0a,60,False
func_f_0x100003c20,-827,True
func_f_0x100003c25,-717,False
func_f_0x100003c4e,322,False
func_f_0x100003d0a,-804,True
func_f_0x100003d1e,19,True
func_f_0x100003d48,1131,False
func_f_0x100003d7e,508,True
func_f_0x100003d83,305,False
func_f_0x100003e13,834,False
func_f_0x100003e41,-320,True
func_f_0x10000422e,-452,False
func_f_0x1000042a2,-181,True
func_f_0x100004b0d,-203,False
func_f_0x100004ba9,374,False
func_f_0x100004bf7,-160,False
func_f_0x1000051a0,995,True
func_f_0x1000055f3,-450,True
func_f_0x100005ac0,653,True
func_f_0x100005ae9,158,True
func_f_0x100005bd0,-758,False
func_f_0x100005c2b,-355,False
func_f_0x100005f14,1072,True
func_f_0x100005f4a,-702,False
func_f_0x1000066b8,-404,False
func_f_0x100007532,-43,True
func_f_0x100007995,425,False
func_f_0x100007b82,-487,False
func_f_0x100007b9b,726,True
func_f_0x100007cd8,1093,False
func_f_0x100007faa,805,True
func_f_0x10000894a,-803,False
func_f_0x1000089ac,286,False
func_f_0x100008b1f,301,True
func_f_0x100008c0a,930,True
func_f_0x100008c3c,10,False
func_f_0x100008c4d,292,True
func_f_0x100008c5b,697,False
func_f_0x100009094,34,False
func_f_0x1000090d9,812,True
func_f_0x100009181,392,False
func_f_0x1000094bc,-690,False
func_f_0x1000094d4,400,True
func_f_0x100009508,-685,True
func_f_0x10000950a,-812,True
func_f_0x10000952c,2,False
func_f_0x10000955b,97,True
func_f_0x100009617,270,False
func_f_0x10000967d,139,True
func_f_0x1000096a0,554,False
func_f_0x100009784,862,False
func_f_0x100009930,-793,False
func_f_0x100009994,-465,False
func_f_0x1000099bc,261,False
func_f_0x100009a01,650,False
func_f_0x100009baa,-162,True
func_f_0x100009df0,536,False
func_f_0x10000a0d4,505,True
func_f_0x10000a1e4,-579,True
func_f_0x10000a3a1,-209,True
func_f_0x10000a494,-176,False
func_f_0x10000a637,-51,True
func_f_0x10000a66d,90,False
func_f_0x10000a672,81,False
func_f_0x10000ac15,-542,True
func_f_0x10000af07,678,True
func_f_0x10000af49,-720,True
func_f_0x10000af65,-741,True
func_f_0x10000af67,956,False
func_f_0x10000b7db,892,True
func_f_0x10000b887,741,False
func_f_0x10000b892,37,False
func_f_0x10000b8ac,177,True
func_f_0x10000ba8b,-216,True
func_f_0x10000baef,-326,False
func_f_0x10000c4ff,194,False
func_fe_0x1000001fe,346,False
func_fe_0x100003857,298,False
func_fe_0x100003902,-386,True
func_fe_0x10000391c,-714,False
func_fe_0x100003a6b,1059,True
func_fe_0x100003dca,612,True
func_fe_0x100003e0a,-228,True
func_fe_0x100003e81,-470,False
func_fe_0x100003e97,-51,False
func_fe_0x100003eb4,-58,True
func_fe_0x100003f6d,882,False
func_fe_0x100003f6f,-235,True
func_fe_0x100003f73,380,False
func_fe_0x100003fbb,724,False
func_fe_0x100003fbd,-246,True
func_fe_0x100004310,-686,True
func_fe_0x100005e32,222,True
func_fe_0x1000062c4,579,False
func_fe_0x1000062cc,-509,False
func_fe_0x1000062cf,826,False
func_fe_0x10000637a,-136,True
func_fe_0x100006387,-93,False
func_fe_0x100006389,-273,False
func_fe_0x100007c3b,-754,False
func_fe_0x100008078,635,False
func_fe_0x100008f16,-489,False
func_fe_0x100009a64,1099,True
func_fe_0x100009c9b,-212,False
func_fe_0x10000a430,228,False
func_fe_0x10000a8cf,757,True
func_fe_0x10000a8ee,-259,True
func_fe_0x10000ab75,-251,True
func_fe_0x10000b1e5,-13,True
func_fe_0x10000b2b7,1020,True
func_fe_0x10000b40c,579,False
func_fe_0x10000b4af,64,False
func_fe_0x10000b4b4,-791,False
func_fe_0x10000b4fc,-660,False
func_fe_0x10000b502,-73,True
func_fe_0x10000b50b,586,True
func_fe_0x10000b522,421,False
func_fe_0x10000b5d0,126,True
func_fe_0x10000b5d2,859,True
func_fe_0x10000b5d8,873,True
func_fe_0x10000b5da,975,True
func_fe_0x10000b786,-39,False
func_fe_0x10000b7b7,584,True
func_fe_0x10000b7bb,316,False
func_fe_0x10000bdf3,570,True
func_fe_0x10000c37d,1124,False
func_fe_0x10000c3e9,-148,False
func_fe_0x10000c40b,806,True
func_fe_0x10000c40d,40,False
func_fe_0x10000c455,193,False
func_fe_0x10000c484,-90,False
func_fe_0x10000c488,-385,True
func_fe_0x10000c4bf,427,False
func_fe_0x10000c573,-69,False
func_fi_0x10000ae14,20,True
func_fi_0x10000ae16,301,False
func_fi_0x10000ae1a,323,False
func_fi_0x10000ae20,-394,False
func_fi_0x10000ae22,411,False
func_fr_0x1000007f4,-807,False
func_fr_0x1000007f6,-688,True
func_fr_0x1000007f8,1138,True
func_fr_0x1000007fe,-851,True
func_fr_0x100000801,-319,False
func_fr_0x100000809,-439,True
func_fr_0x100000821,1111,False
func_fr_0x1000043f0,-759,False
func_fr_0x1000043f2,354,True
func_fr_0x1000043f6,-386,True
func_fr_0x1000043f8,-135,False
func_fr_0x100004404,-277,True
func_fr_0x100004d53,-83,False
func_fr_0x100004d57,1135,True
func_fr_0x10000a522,393,False
func_fr_0x10000a544,-420,False
func_fr_0x10000a567,-429,False
func_fr_0x10000a573,-590,False
func_fr_0x10000a575,-73,True
func_fr_0x10000a577,1038,False
func_fr_0x10000c15f,764,True
func_fr_0x10000c161,286,True
func_fr_0x10000c1f4,366,False
func_ft_0x100007a85,-259,True
func_ft_0x100007a90,452,True
func_ft_0x100007aa4,-302,False
func_ft_0x100007ab4,-33,True
func_ft_0x100007ac1,45,True
func_ft_0x100007ad3,-398,True
func_ft_0x10000803f,244,False
func_ft_0x100008d65,199,True
func_ft_0x100008d70,257,False
func_ft_0x1000091c2,-229,True
func_ft_0x1000091c6,357,True
func_ft_0x1000091c8,148,True
func_ft_0x100009405,-512,False
func_ft_0x100009c09,-786,False
func_ft_0x100009c16,-423,True
func_ft_0x10000a2f4,-718,False
func_ft_0x10000a2f6,-120,False
func_ft_0x10000a2ff,-165,False
func_ft_0x10000a302,-664,False
func_ft_0x10000a30b,-125,False
func_ft_0x10000b692,-195,True
func_ft_0x10000ba3b,-394,False
func_ft_0x10000ba49,635,False
func_ft_0x10000bcc3,-603,False
func_ft_0x10000bcd0,1085,False
func_ft_0x10000bcf1,621,True
func_ft_0x10000bcf5,-560,True
func_ft_0x10000bcf9,703,True
func_ft_0x10000bcfb,-101,True
func_ft_0x10000bcfd,-262,False
func_ft_0x10000bcff,771,True
func_ft_0x10000bd01,616,False
func_ft_0x10000bd07,951,False
func_ft_0x10000bd09,296,False
func_ft_0x10000bdc2,-145,True
func_ft_0x10000c0b5,172,False
func_ft_0x10000c68d,-42,False
func_fu_0x100006e57,1109,True
func_fu_0x100006e82,-505,True
func_fu_0x100006e8e,-660,True
func_fu_0x100006ea1,-272,False
func_fu_0x100006ea9,714,True
func_fu_0x100006eab,-531,False
func_fu_0x100006eda,730,False
func_fu_0x100006eec,995,False
func_fu_0x10000ae31,-144,False
func_g_0x1000001ad,277,True
func_g_0x1000002a9,884,True
func_g_0x1000002ab,-541,True
func_g_0x1000002e5,358,True
func_g_0x1000002ed,-90,True
func_g_0x100000542,339,False
func_g_0x1000005c6,-769,True
func_g_0x100000944,217,True
func_g_0x1000037d5,1028,True
func_g_0x100003c0d,617,False
func_g_0x100003d17,-408,False
func_g_0x100003d4d,357,True
func_g_0x100003d64,-663,False
func_g_0x100003e46,-208,False
func_g_0x100003ffc,766,False
func_g_0x100004190,-299,True
func_g_0x100004194,234,False
func_g_0x100004293,916,False
func_g_0x100004295,121,False
func_g_0x1000042b2,481,False
func_g_0x1000042c2,-829,False
func_g_0x1000042c4,688,False
func_g_0x100004c77,244,False
func_g_0x100004c7f,794,True
func_g_0x100004d1e,-45,False
func_g_0x100004d20,-465,False
func_g_0x1000055d6,-466,True
func_g_0x1000055e7,235,True
func_g_0x100005622,678,False
func_g_0x100005635,271,True
func_g_0x1000057ea,520,False
func_g_0x100005934,1116,True
func_g_0x100005969,742,True
func_g_0x100005997,-311,True
func_g_0x100005e9f,191,True
func_g_0x100005f23,-598,True
func_g_0x100005f5e,-264,True
func_g_0x100006032,570,True
func_g_0x10000742b,981,False
func_g_0x1000074f5,449,False
func_g_0x1000079b1,-452,True
func_g_0x100007a4b,-372,False
func_g_0x100007b78,521,False
func_g_0x100007bc7,-248,True
func_g_0x100007dc4,1147,False
func_g_0x100007e7d,47,False
func_g_0x100007e7f,-119,True
func_g_0x100008540,691,False
func_g_0x100008a4d,518,True
func_g_0x100008a7a,59,False
func_g_0x100008a8d,58,True
func_g_0x100008aac,-584,True
func_g_0x100008aae,-399,True
func_g_0x100008ab0,96,False
func_g_0x100008ab6,-354,False
func_g_0x100008b27,-386,False
func_g_0x100008b49,69,False
func_g_0x100008bd7,-536,True
func_g_0x100008bdb,-355,False
func_g_0x100008c57,-563,False
func_g_0x100008c70,-615,True
func_g_0x100009050,-548,False
func_g_0x10000916f,-580,True
func_g_0x100009641,-773,False
func_g_0x1000099fa,-368,False
func_g_0x100009ac7,-444,True
func_g_0x100009b99,451,True
func_g_0x100009cf1,628,False
func_g_0x100009cf3,430,False
func_g_0x100009db1,351,True
func_g_0x100009dc7,-521,False
func_g_0x100009dcb,924,True
func_g_0x100009dea,446,False
func_g_0x100009fed,638,False
func_g_0x10000a104,663,False
func_g_0x10000a10a,347,False
func_g_0x10000a458,-68,False
func_g_0x10000a659,254,False
func_g_0x10000a88a,-126,True
func_g_0x10000aad4,-365,False
func_g_0x10000abe8,-313,True
func_g_0x10000ac3d,-319,True
func_g_0x10000acb5,-444,True
func_g_0x10000b240,74,False
func_g_0x10000b249,-415,True
func_g_0x10000b24d,456,False
func_g_0x10000b434,-32,True
func_g_0x10000b727,-844,False
func_g_0x10000b747,393,False
func_g_0x10000b7fa,-831,True
func_g_0x10000ba13,892,True
func_g_0x10000bad6,23,False
func_g_0x10000bb0e,8,True
func_g_0x10000bf40,275,False
func_g_0x10000c504,645,True
func_ga_0x100004ef6,-331,True
func_ge_0x100000208,-585,False
func_ge_0x100004e96,738,False
func_ge_0x100004e99,683,False
func_ge_0x1000056e1,-390,True
func_ge_0x1000056e5,382,True
func_ge_0x1000056e7,-673,True
func_ge_0x10000587f,677,True
func_ge_0x100005881,164,False
func_ge_0x100005889,721,True
func_ge_0x100005e2b,-567,False
func_ge_0x100005e2f,-136,False
func_ge_0x100005e4b,138,True
func_ge_0x100005e4f,-403,False
func_ge_0x10000610a,-48,True
func_ge_0x1000062bd,-272,True
func_ge_0x100006372,-651,True
func_ge_0x100006374,147,False
func_ge_0x100006390,-742,False
func_ge_0x100006392,398,False
func_ge_0x10000701f,74,False
func_ge_0x100007029,493,True
func_ge_0x10000702d,1103,True
func_ge_0x100007031,-495,False
func_ge_0x100007963,851,True
func_ge_0x100007a17,267,True
func_ge_0x100007ee0,-379,False
func_ge_0x100007ee5,-505,False
func_ge_0x100007ee7,173,True
func_ge_0x100007ee9,1139,True
func_ge_0x100007eee,306,True
func_ge_0x100007f96,182,True
func_ge_0x100007f9a,-50,False
func_ge_0x1000092fc,-263,True
func_ge_0x10000a1a9,1003,True
func_ge_0x10000a4cb,282,False
func_ge_0x10000b713,-75,True
func_ge_0x10000bd9c,641,True
func_ge_0x10000bda6,774,True
func_ge_0x10000bdec,-365,False
func_ge_0x10000c48a,1139,True
func_ge_0x10000c6a4,-94,True
func_ge_0x10000c6c9,506,False
func_gr_0x1000035c7,782,True
func_gr_0x10000ade7,-799,True
func_gr_0x10000ae4f,-631,False
func_gr_0x10000b0aa,675,False
func_gr_0x10000b0ac,996,False
func_gr_0x10000b0b0,48,False
func_gr_0x10000b0b6,93,False
func_gr_0x10000b0c8,348,True
func_gr_0x10000b0cc,-345,False
func_gr_0x10000b0ce,208,False
func_gr_0x10000b0d2,802,False
func_gr_0x10000b0d4,-37,False
func_gr_0x10000b0d8,424,True
func_gr_0x10000b0de,-214,False
func_gr_0x10000b0ea,342,False
func_gr_0x10000b0ef,189,True
func_gr_0x10000b0fa,909,False
func_gr_0x10000b10c,57,False
func_gr_0x10000b114,-215,True
func_gr_0x10000b118,854,False
func_gr_0x10000b126,614,True
func_gr_0x10000b131,306,False
func_gr_0x10000b133,-668,True
func_gr_0x10000b141,848,False
func_gr_0x10000b145,-130,False
func_gt_0x10000000f,612,False
func_gu_0x100008648,183,True
func_gu_0x1000087ac,1077,False
func_gu_0x1000087b8,901,True
func_gu_0x1000087bd,-156,False
func_gu_0x1000087e5,0,True
func_gu_0x100008817,-299,True
func_gu_0x1000088a4,-334,True
func_gu_0x1000088ba,-812,False
func_h_0x10000013b,1030,True
func_h_0x1000001ce,-39,False
func_h_0x10000021a,186,False
func_h_0x1000002b0,-455,False
func_h_0x1000005c7,894,False
func_h_0x10000339a,822,False
func_h_0x1000039a1,-825,True
func_h_0x1000039e6,776,True
func_h_0x100003ac2,-572,False
func_h_0x100003b18,288,True
func_h_0x100003c0e,508,True
func_h_0x100003d79,421,False
func_h_0x100004112,-159,False
func_h_0x1000041d9,924,False
func_h_0x100004247,900,True
func_h_0x100004b29,-392,True
func_h_0x100004bca,-367,True
func_h_0x100004c0b,759,True
func_h_0x100004c11,-452,True
func_h_0x100004cf6,511,True
func_h_0x100004cf8,927,False
func_h_0x100004d01,277,True
func_h_0x100004d09,369,True
func_h_0x100004d14,-251,False
func_h_0x1000051c4,669,True
func_h_0x100005625,1072,True
func_h_0x10000598b,1095,True
func_h_0x10000598d,417,True
func_h_0x100005d10,-50,True
func_h_0x100005edb,547,False
func_h_0x100005f69,818,True
func_h_0x100005f6d,565,False
func_h_0x100005fc0,232,False
func_h_0x100005fc5,469,True
func_h_0x100006588,511,False
func_h_0x10000680b,30,True
func_h_0x100006a32,-423,True
func_h_0x100006c62,-16,True
func_h_0x100006cf3,898,True
func_h_0x100007075,513,False
func_h_0x10000741d,906,False
func_h_0x100007615,-708,True
func_h_0x1000076fa,-330,True
func_h_0x1000076fd,-266,True
func_h_0x1000077ef,627,False
func_h_0x1000078fc,67,True
func_h_0x10000790a,844,False
func_h_0x100007c04,-830,False
func_h_0x100007d69,633,True
func_h_0x100007d6b,823,False
func_h_0x100007e8b,611,True
func_h_0x1000082b1,570,False
func_h_0x1000084cf,-15,True
func_h_0x1000088f5,-564,False
func_h_0x100008938,-552,False
func_h_0x1000089af,907,False
func_h_0x100008bd9,921,True
func_h_0x100008c0b,-78,False
func_h_0x100008c3d,-329,True
func_h_0x100008c3f,-162,True
func_h_0x100008ca9,-650,True
func_h_0x100008ce8,-45,True
func_h_0x100008cea,-834,True
func_h_0x100008cf7,845,False
func_h_0x100008e8a,446,False
func_h_0x10000902a,1049,True
func_h_0x10000907a,-351,False
func_h_0x1000090f5,-206,False
func_h_0x1000090fb,632,False
func_h_0x100009108,529,True
func_h_0x100009165,-659,True
func_h_0x10000949c,1050,True
func_h_0x1000094a0,-623,True
func_h_0x1000094a7,759,False
func_h_0x1000094ad,-127,True
func_h_0x10000960e,-776,False
func_h_0x10000964a,205,False
func_h_0x1000096be,647,True
func_h_0x1000097b7,-851,False
func_h_0x1000098b4,308,True
func_h_0x1000098e3,1000,True
func_h_0x1000098e7,-797,True
func_h_0x100009aac,35,False
func_h_0x100009ad0,-20,False
func_h_0x100009bcf,-408,True
func_h_0x100009e11,-218,False
func_h_0x100009e13,-318,False
func_h_0x100009e28,-620,True
func_h_0x100009fca,-680,True
func_h_0x100009fcc,1082,False
func_h_0x100009fd1,-366,False
func_h_0x100009ff1,1062,False
func_h_0x10000a3a5,-118,False
func_h_0x10000a3a7,286,False
func_h_0x10000a6ff,-589,False
func_h_0x10000aad9,-273,True
func_h_0x10000aae2,-455,True
func_h_0x10000b35f,395,False
func_h_0x10000b376,-641,True
func_h_0x10000b604,434,True
func_h_0x10000b627,443,False
func_h_0x10000b629,-783,False
func_h_0x10000b62f,167,True
func_h_0x10000b639,873,False
func_h_0x10000badf,-232,False
func_h_0x10000bae2,199,True
func_h_0x10000bae8,1053,False
func_h_0x10000bb1f,-274,False
func_h_0x10000bb25,-501,True
func_h_0x10000c36f,453,True
func_ha_0x1000083a9,47,False
func_he_0x100004484,1137,False
func_he_0x10000448c,-358,False
func_he_0x1000044d6,-24,True
func_he_0x1000044fa,944,True
func_he_0x100005cb0,-404,True
func_he_0x100005d8b,215,True
func_he_0x100005d93,280,True
func_he_0x100005dc5,251,False
func_he_0x10000612c,-78,True
func_he_0x1000061fb,259,False
func_he_0x100006201,563,False
func_he_0x10000620c,-285,False
func_he_0x10000620e,-77,True
func_he_0x100006218,486,False
func_he_0x100006256,1007,False
func_he_0x100006c74,43,False
func_he_0x100006cd3,-523,True
func_he_0x1000091d8,-423,True
func_he_0x100009202,-774,False
func_he_0x100009210,-90,False
func_he_0x100009812,796,False
func_he_0x10000ab86,175,True
func_he_0x10000b7ae,-566,False
func_he_0x10000b862,-549,False
func_he_0x10000be09,280,False
func_he_0x10000be0b,875,False
func_he_0x10000be0d,-460,False
func_he_0x10000c084,-139,False
func_he_0x10000c0a2,-582,False
func_he_0x10000c0a4,964,True
func_he_0x10000c0a6,-699,True
func_he_0x10000c0ad,1075,True
func_he_0x10000c0cf,176,True
func_he_0x10000c0d2,-819,True
func_he_0x10000c0d4,1127,True
func_he_0x10000c344,769,False
func_he_0x10000c346,374,False
func_he_0x10000c348,-787,False
func_he_0x10000c60c,317,True
func_he_0x10000c60f,13,False
func_he_0x10000c63d,-819,True
func_hi_0x1000035ca,470,False
func_hi_0x100003603,-359,True
func_hn_0x100004d3e,548,True
func_hn_0x100004d42,-411,True
func_hn_0x100004d44,-154,False
func_hn_0x100004d50,-795,True
func_hn_0x1000093b9,79,True
func_hn_0x1000093bf,-384,False
func_hn_0x1000093c2,158,True
func_hn_0x10000a2ec,573,True
func_hn_0x10000a4fe,371,True
func_hn_0x10000a558,-236,False
func_hn_0x10000a5c1,230,True
func_hn_0x10000bdc9,-603,True
func_hn_0x10000bdcd,-235,True
func_hn_0x10000c0c1,-792,False
func_hn_0x10000c0c5,437,True
func_hr_0x100008009,-343,False
func_hr_0x100008019,1101,True
func_hr_0x10000aa04,990,False
func_hr_0x10000aa06,706,False
func_hr_0x10000aa08,-375,True
func_hr_0x10000aa0a,629,False
func_hr_0x10000aa22,525,True
func_ht_0x100000962,148,True
func_hu_0x10000add0,876,True
func_hu_0x10000ae0b,-828,True
func_i_0x100003615,480,True
func_i_0x100003623,611,False
func_i_0x100003651,-545,True
func_i_0x10000365b,1018,True
func_ie_0x10000382d,-134,True
func_ie_0x100003832,41,True
func_ie_0x1000038f1,-86,False
func_ie_0x100003dc1,-444,True
func_ie_0x100003dc5,220,True
func_ie_0x100003dc7,559,True
func_ie_0x100003dd9,1083,True
func_ie_0x100003ddd,182,True
func_ie_0x100003f76,-434,False
func_ie_0x100003f80,68,False
func_ie_0x100003fc0,-51,True
func_ie_0x1000040fe,-452,False
func_ie_0x100004100,1083,False
func_ie_0x10000415b,816,True
func_ie_0x10000430e,274,True
func_ie_0x100004a9f,179,False
func_ie_0x100004e84,1109,True
func_ie_0x100004e8e,393,False
func_ie_0x100005b3b,165,False
func_ie_0x100005c0a,-712,False
func_ie_0x100005c1b,29,True
func_ie_0x100005d65,-275,False
func_ie_0x100005e6c,-478,True
func_ie_0x100006306,630,False
func_ie_0x100006315,179,True
func_ie_0x100006318,-54,True
func_ie_0x10000644e,-12,False
func_ie_0x100006460,-716,True
func_ie_0x100006462,1031,True
func_ie_0x100006d2d,-476,True
func_ie_0x100006ef8,1074,True
func_ie_0x100006f03,-270,True
func_ie_0x100006f07,173,False
func_ie_0x100006f09,1099,True
func_ie_0x100006f0b,827,True
func_ie_0x100006f10,468,False
func_ie_0x100006f15,534,False
func_ie_0x100006f44,-600,False
func_ie_0x100006fab,-66,False
func_ie_0x10000700a,88,False
func_ie_0x10000754f,-11,True
func_ie_0x100007584,-3,False
func_ie_0x10000759e,-818,False
func_ie_0x1000075a0,-9,False
func_ie_0x1000075a2,123,False
func_ie_0x1000075a4,-661,True
func_ie_0x1000075a6,303,False
func_ie_0x100007687,-225,False
func_ie_0x10000768b,1074,False
func_ie_0x100007690,116,True
func_ie_0x10000781b,-180,False
func_ie_0x10000781d,-698,True
func_ie_0x100007ba9,882,True
func_ie_0x100008ae5,708,True
func_ie_0x100008b09,594,False
func_ie_0x100008ecd,-91,True
func_ie_0x100009a97,86,True
func_ie_0x100009c97,-337,True
func_ie_0x100009c9d,-538,False
func_ie_0x100009c9f,471,False
func_ie_0x100009ca1,730,True
func_ie_0x100009ca3,-203,False
func_ie_0x100009ca7,345,False
func_ie_0x100009cae,-275,False
func_ie_0x100009cba,167,True
func_ie_0x100009cc9,30,False
func_ie_0x100009ce0,-713,True
func_ie_0x10000a429,802,True
func_ie_0x10000a4b3,88,True
func_ie_0x10000a4dc,-307,True
func_ie_0x10000a81f,577,True
func_ie_0x10000a821,754,True
func_ie_0x10000a829,851,False
func_ie_0x10000a8e1,938,False
func_ie_0x10000a906,1016,False
func_ie_0x10000aaa5,1039,False
func_ie_0x10000b27a,356,False
func_ie_0x10000b27c,-338,True
func_ie_0x10000b27e,529,True
func_ie_0x10000b2d1,1108,False
func_ie_0x10000b2d9,-450,True
func_ie_0x10000b2e2,-359,False
func_ie_0x10000b3fc,315,False
func_ie_0x10000b411,1146,True
func_ie_0x10000b471,906,False
func_ie_0x10000b663,393,True
func_ie_0x10000b666,855,False
func_ie_0x10000b669,-266,False
func_ie_0x10000b676,-50,True
func_ie_0x10000b717,921,True
func_ie_0x10000b71d,855,False
func_ie_0x10000b7be,1006,False
func_ie_0x10000bdea,-822,True
func_ie_0x10000c3de,-93,False
func_ie_0x10000c4be,-829,False
func_ie_0x10000c4cf,468,False
func_ir_0x100004eed,948,True
func_ir_0x100004eef,985,True
func_ir_0x100004f13,-827,True
func_ir_0x100005045,-263,True
func_ir_0x100005051,657,False
func_ir_0x10000506f,127,False
func_ir_0x10000508f,-690,False
func_ir_0x1000050af,-474,True
func_ir_0x1000050c3,274,True
func_ir_0x1000050e3,-69,True
func_ir_0x1000050f3,-518,True
func_ir_0x10000510f,375,False
func_it_0x1000044da,323,False
func_it_0x100004505,-143,False
func_it_0x100005791,-214,False
func_it_0x100005875,-369,True
func_it_0x100005cbb,811,False
func_it_0x100005cbd,-817,False
func_it_0x100005cbf,329,True
func_it_0x100005cc1,102,True
func_it_0x100005d9a,-109,True
func_it_0x1000061f0,1095,False
func_it_0x1000061f6,-58,False
func_it_0x10000625b,113,True
func_it_0x10000625d,1047,True
func_it_0x1000069ad,-829,True
func_it_0x100007a0c,-698,True
func_it_0x100008d36,-165,True
func_it_0x100008d63,660,True
func_it_0x100008d6a,846,False
func_it_0x100008d9e,1087,False
func_it_0x100008db2,315,True
func_it_0x100008db8,887,True
func_it_0x100009819,-659,True
func_it_0x100009c1f,-569,False
func_it_0x100009c23,1078,False
func_it_0x100009c25,231,True
func_it_0x100009c2a,720,False
func_it_0x10000a2f8,250,True
func_it_0x10000a304,-499,False
func_it_0x10000a30f,437,True
func_it_0x10000a313,721,True
func_it_0x10000a319,949,True
func_it_0x10000a31b,-650,True
func_it_0x10000a31d,-326,True
func_it_0x10000a31f,-116,True
func_it_0x10000a325,668,True
func_it_0x10000b686,394,False
func_it_0x10000b68e,765,False
func_it_0x10000b696,857,False
func_it_0x10000bdbc,872,False
func_it_0x10000bdc0,947,True
func_it_0x10000c5ac,92,False
func_j_0x10000374c,-635,False
func_j_0x100003750,1055,True
func_j_0x1000038d4,-10,True
func_j_0x1000038dc,41,False
func_j_0x100003ad3,1004,False
func_j_0x100003add,843,False
func_j_0x100003adf,-144,False
func_j_0x100003ae1,179,False
func_j_0x1000040ed,147,True
func_j_0x1000040f7,-15,True
func_j_0x1000040f9,485,False
func_j_0x1000041e0,217,False
func_j_0x100004216,43,False
func_j_0x10000421a,1134,True
func_j_0x10000426e,-850,False
func_j_0x100004276,-784,False
func_j_0x100004326,771,False
func_j_0x10000438e,326,False
func_j_0x100004444,379,True
func_j_0x100004a6b,-526,False
func_j_0x100004a8a,-390,True
func_j_0x100004b80,-807,False
func_j_0x100005739,378,True
func_j_0x10000583e,-557,False
func_j_0x100005840,-583,False
func_j_0x100005861,-494,True
func_j_0x100005867,231,True
func_j_0x1000058b2,724,False
func_j_0x100005956,244,True
func_j_0x100005bec,257,True
func_j_0x100005e72,-607,False
func_j_0x100005eaa,537,False
func_j_0x100006282,-419,False
func_j_0x100006288,-588,True
func_j_0x100006292,-562,False
func_j_0x100006314,-220,True
func_j_0x100006d8d,904,False
func_j_0x100006d91,-148,False
func_j_0x100006f54,-445,True
func_j_0x100006fef,1001,True
func_j_0x1000073e4,248,False
func_j_0x1000074dd,-239,False
func_j_0x100007557,637,False
func_j_0x100007620,1136,False
func_j_0x100007bb9,81,False
func_j_0x100007e48,1145,False
func_j_0x100007e53,583,False
func_j_0x100008260,53,True
func_j_0x10000827a,-164,False
func_j_0x10000827e,-393,False
func_j_0x100008282,470,True
func_j_0x100008364,-515,True
func_j_0x100008391,-804,False
func_j_0x100008502,929,True
func_j_0x100008f11,-590,True
func_j_0x10000a212,-837,False
func_j_0x10000a61e,254,False
func_j_0x10000ab4b,106,True
func_j_0x10000ac41,676,False
func_j_0x10000ac43,590,False
func_j_0x10000acdc,1060,False
func_j_0x10000ae82,44,False
func_j_0x10000afa6,1061,True
func_j_0x10000afac,544,False
func_j_0x10000afae,256,False
func_j_0x10000afb2,986,True
func_j_0x10000afb6,749,True
func_j_0x10000b1ee,1027,True
func_j_0x10000b1f0,-311,True
func_j_0x10000b1f2,-504,False
func_j_0x10000b1f4,-466,False
func_j_0x10000b217,879,False
func_j_0x10000b578,-757,False
func_j_0x10000bf91,685,True
func_j_0x10000c449,346,True
func_j_0x10000c53f,763,True
func_j_0x10000c578,706,True
func_j_0x10000c57c,102,False
func_j_0x10000c586,1107,False
func_j_0x10000c588,259,True
func_j_0x10000c58a,-538,False
func_j_0x10000c658,-495,True
func_je_0x100004358,-59,True
func_je_0x100004477,-486,False
func_je_0x100004483,-468,False
func_je_0x1000044e6,-178,True
func_je_0x100004d6b,40,False
func_je_0x100005c5f,582,False
func_je_0x100005c63,-255,False
func_je_0x100005c6b,-657,True
func_je_0x100005cc9,1064,True
func_je_0x100005e58,-256,True
func_je_0x100006129,-367,False
func_je_0x100006985,-411,False
func_je_0x100006995,531,False
func_je_0x100006c82,-695,True
func_je_0x100006c87,45,False
func_je_0x100006c89,-450,False
func_je_0x100006c94,-535,False
func_je_0x10000785c,778,True
func_je_0x100007875,1143,True
func_je_0x100009811,171,False
func_je_0x100009d2c,745,False
func_je_0x100009d44,-153,True
func_je_0x100009d4a,-446,True
func_je_0x10000a188,-420,True
func_je_0x10000a18c,-538,False
func_je_0x10000a197,-690,False
func_je_0x10000a19d,-799,True
func_je_0x10000a19f,-581,False
func_je_0x10000a1a1,133,False
func_je_0x10000a1a3,-148,True
func_je_0x10000b83d,74,False
func_je_0x10000b859,-717,False
func_je_0x10000b85f,-210,False
func_je_0x10000c2cc,967,False
func_je_0x10000c2d0,-515,True
func_je_0x10000c623,68,True
func_je_0x10000c645,276,False
func_je_0x10000c64b,-196,True
func_ji_0x1000046fd,707,True
func_ji_0x100004726,642,False
func_ji_0x100004728,-708,False
func_ji_0x10000492f,1127,False
func_jn_0x10000ad40,-503,True
func_jn_0x10000addd,329,True
func_jn_0x10000addf,1033,False
func_jn_0x10000ade5,-555,True
func_jn_0x10000ade9,-539,True
func_jn_0x10000ae09,-70,True
func_jn_0x10000ae45,146,True
func_jn_0x10000ae47,-83,False
func_jn_0x10000ae59,-602,True
func_jn_0x10000ae5b,581,False
func_jn_0x10000ae5d,-618,False
func_jr_0x100006dc2,343,True
func_jr_0x10000ae24,1053,False
func_jt_0x1000070ed,-36,True
func_jt_0x1000070f1,-418,False
func_jt_0x100007105,990,False
func_jt_0x100007111,546,True
func_jt_0x10000712a,555,True
func_jt_0x10000713b,475,True
func_jt_0x10000713d,831,True
func_jt_0x10000717a,-294,True
func_jt_0x10000717e,-643,True
func_jt_0x1000071a2,-759,True
func_jt_0x10000a9ed,598,True
func_jt_0x10000a9f7,-177,True
func_jt_0x10000aa31,203,False
func_jt_0x10000aa42,-766,False
func_jt_0x10000aa46,423,False
func_jt_0x10000aa4c,938,False
func_jt_0x10000b953,-194,False
func_jt_0x10000b978,-261,False
func_jt_0x10000bfc0,-226,True
func_jt_0x10000bfc2,782,False
func_ju_0x100003613,-516,True
func_ju_0x100003617,-246,True
func_ju_0x10000361d,826,False
func_ju_0x100003625,199,False
func_ju_0x100003629,-399,True
func_ju_0x10000362f,588,False
func_ju_0x100003631,-451,True
func_ju_0x10000363b,582,False
func_ju_0x10000363d,-109,False
func_ju_0x10000363f,-38,False
func_ju_0x100003645,653,False
func_ju_0x100003649,916,True
func_ju_0x10000364b,-116,False
func_ju_0x10000364d,-172,True
func_k_0x100000152,604,False
func_k_0x10000016c,729,False
func_k_0x1000001b0,-265,True
func_k_0x100000326,649,False
func_k_0x1000003f2,715,False
func_k_0x100000433,-311,True
func_k_0x1000008d8,-788,True
func_k_0x10000338d,-472,True
func_k_0x1000037a6,651,True
func_k_0x1000037aa,474,False
func_k_0x100003958,-506,False
func_k_0x10000395c,-508,True
func_k_0x100003985,-660,True
func_k_0x100003a93,316,False
func_k_0x100003a95,206,True
func_k_0x100003b71,837,False
func_k_0x100003bcd,641,True
func_k_0x100003c2a,633,False
func_k_0x100003d37,1137,True
func_k_0x100003e1a,-807,True
func_k_0x100003e21,223,True
func_k_0x100003e4b,245,False
func_k_0x100004008,334,False
func_k_0x100004307,991,False
func_k_0x100004b9a,308,True
func_k_0x100004b9e,964,True
func_k_0x100004bb7,583,False
func_k_0x100004bd7,934,False
func_k_0x100004d1d,1041,True
func_k_0x100004d36,104,True
func_k_0x100005193,48,True
func_k_0x1000051b4,-278,False
func_k_0x1000051b7,583,False
func_k_0x1000055d4,519,False
func_k_0x1000055df,-407,False
func_k_0x100005ac6,632,True
func_k_0x100005af2,-228,False
func_k_0x100005b02,346,True
func_k_0x100005bc5,347,True
func_k_0x100005f55,-804,False
func_k_0x100005f7d,-691,True
func_k_0x10000627a,-597,True
func_k_0x10000691b,-345,True
func_k_0x100006943,243,True
func_k_0x100006945,-234,True
func_k_0x100006f93,993,True
func_k_0x100007077,1142,True
func_k_0x1000073f7,332,True
func_k_0x100007449,756,False
func_k_0x10000770d,854,False
func_k_0x10000770f,106,True
func_k_0x10000784f,379,True
func_k_0x1000078de,718,True
func_k_0x100007942,688,True
func_k_0x100007b98,1035,True
func_k_0x100007b9d,-101,True
func_k_0x100007cbd,-665,True
func_k_0x100007cbf,32,True
func_k_0x100007da7,-516,True
func_k_0x100007dac,-844,True
func_k_0x1000084e8,568,False
func_k_0x100008b57,401,False
func_k_0x100008c9c,-720,True
func_k_0x100008cf3,-326,False
func_k_0x100008e79,-349,True
func_k_0x1000090f2,332,True
func_k_0x1000094c3,-588,False
func_k_0x1000094c6,34,False
func_k_0x10000954a,1146,False
func_k_0x1000096fa,167,True
func_k_0x1000097b4,-512,True
func_k_0x10000981e,-425,True
func_k_0x100009839,1106,True
func_k_0x1000098b2,495,True
func_k_0x100009901,634,True
func_k_0x100009b1b,654,False
func_k_0x100009bb0,19,False
func_k_0x100009dfd,-615,True
func_k_0x100009e01,208,False
func_k_0x100009ed0,-436,True
func_k_0x10000a058,-541,False
func_k_0x10000a119,-722,False
func_k_0x10000a11b,118,True
func_k_0x10000a643,704,False
func_k_0x10000a656,-52,False
func_k_0x10000a664,449,True
func_k_0x10000a66e,986,True
func_k_0x10000a673,624,True
func_k_0x10000aa7f,657,False
func_k_0x10000aed4,866,True
func_k_0x10000b724,422,True
func_k_0x10000b7f5,277,False
func_k_0x10000b808,-527,False
func_k_0x10000b896,1092,False
func_k_0x10000b89a,104,True
func_k_0x10000b89c,819,False
func_k_0x10000b9f7,446,False
func_k_0x10000bd55,-331,True
func_ke_0x100004e52,-418,True
func_ke_0x100004e6b,433,True
func_ke_0x100004e6f,-448,True
func_ke_0x1000057ac,391,False
func_ke_0x1000057b2,-600,False
func_ke_0x1000057b4,-496,False
func_ke_0x1000057cf,-805,False
func_ke_0x1000057d3,327,True
func_ke_0x1000057dd,-66,False
func_ke_0x100005810,-815,True
func_ke_0x1000058a0,-489,False
func_ke_0x100005a72,1108,False
func_ke_0x100005b09,-642,False
func_ke_0x100005e08,600,False
func_ke_0x100005e0a,982,False
func_ke_0x100006349,39,True
func_ke_0x10000758d,472,True
func_ke_0x100007967,832,True
func_ke_0x100007a20,1097,True
func_ke_0x10000807b,-27,True
func_ke_0x1000080a9,1034,True
func_ke_0x100008ed9,-215,True
func_ke_0x100008edc,513,False
func_ke_0x100009317,203,True
func_ke_0x100009319,-14,True
func_ke_0x100009c84,-831,False
func_ke_0x10000a0a1,-431,True
func_ke_0x10000a0a3,-168,True
func_ke_0x10000a177,1123,True
func_ke_0x10000a179,286,True
func_ke_0x10000a17d,-188,False
func_ke_0x10000a1de,1006,False
func_ke_0x10000a6c5,213,True
func_ke_0x10000aba9,351,True
func_ke_0x10000b795,366,False
func_ke_0x10000b797,712,True
func_ke_0x10000b799,-689,True
func_ke_0x10000ba25,-160,False
func_ke_0x10000bdb1,746,False
func_ke_0x10000be01,223,True
func_ke_0x10000c2bb,239,True
func_ke_0x10000c2c9,223,True
func_ke_0x10000c2d8,-2,True
func_ke_0x10000c5b4,47,True
func_ki_0x10000360c,-579,False
func_ki_0x1000083aa,1062,True
func_ki_0x1000083b0,151,False
func_ki_0x100008449,-356,False
func_ki_0x10000844b,123,False
func_kn_0x100004047,-307,True
func_kn_0x100005a0d,1136,False
func_kn_0x1000065ce,-574,True
func_kn_0x1000065d3,101,True
func_kn_0x1000065df,-362,False
func_kn_0x100006616,-752,True
func_kn_0x100006692,32,True
func_kn_0x10000669c,786,False
func_kn_0x10000711f,1080,False
func_kn_0x10000b9c1,513,False
func_kn_0x10000b9c3,-350,False
func_kn_0x10000b9c5,484,True
func_kn_0x10000c218,-734,True
func_kn_0x10000c222,135,False
func_kt_0x100004d5d,539,False
func_kt_0x100004d6d,73,True
func_kt_0x100007283,565,False
func_kt_0x100007285,616,True
func_kt_0x100007289,1006,True
func_kt_0x1000072e0,-834,True
func_kt_0x1000072e5,349,True
func_kt_0x1000072e7,895,True
func_kt_0x1000072e9,-785,False
func_kt_0x1000072eb,-122,True
func_kt_0x1000072f4,-152,True
func_kt_0x100007312,1054,True
func_kt_0x10000731c,322,False
func_kt_0x10000732d,248,True
func_kt_0x100007ac9,-28,True
func_kt_0x100008d27,-514,False
func_kt_0x100008d2f,1057,True
func_kt_0x100008d47,-11,True
func_kt_0x100008d4a,1084,False
func_kt_0x100008d50,297,True
func_kt_0x100008f97,-79,True
func_kt_0x100008f9b,-261,True
func_kt_0x100008fa1,11,True
func_kt_0x100008fcd,108,False
func_kt_0x100008fcf,-348,True
func_kt_0x100008fd7,305,False
func_kt_0x100008fd9,745,False
func_kt_0x100008fe4,1031,True
func_kt_0x1000091ca,946,True
func_kt_0x1000091ce,332,False
func_kt_0x1000091d2,317,True
func_kt_0x1000091d4,185,True
func_kt_0x1000091f9,-340,False
func_kt_0x1000093ce,829,True
func_kt_0x100009d69,396,False
func_kt_0x100009d71,273,True
func_kt_0x100009d77,585,True
func_kt_0x100009d81,-281,True
func_kt_0x10000a771,161,False
func_kt_0x10000a773,-673,False
func_kt_0x10000a776,267,False
func_kt_0x10000a782,-595,False
func_kt_0x10000a794,322,False
func_kt_0x10000a796,258,False
func_kt_0x10000a7ec,74,False
func_kt_0x10000bcac,104,True
func_kt_0x10000be72,735,False
func_kt_0x10000be74,478,False
func_kt_0x10000be76,969,True
func_kt_0x10000be78,1025,False
func_kt_0x10000be7e,694,True
func_kt_0x10000be80,768,False
func_kt_0x10000be82,1075,True
func_kt_0x10000be84,998,True
func_kt_0x10000be86,-575,True
func_kt_0x10000be88,1094,False
func_kt_0x10000be8c,-541,True
func_kt_0x10000be90,-371,True
func_kt_0x10000be9d,-43,False
func_kt_0x10000beb1,857,True
func_kt_0x10000bebb,-113,False
func_kt_0x10000bec6,226,False
func_kt_0x10000bece,-99,False
func_kt_0x10000bed3,493,True
func_kt_0x10000bed6,866,False
func_kt_0x10000bede,765,True
func_ku_0x100005170,-647,True
func_l0_0x100003653,658,False
func_l_0x1000000d0,295,True
func_l_0x100000251,644,True
func_l_0x1000002a8,375,False
func_l_0x1000002ce,1079,False
func_l_0x100000328,-345,True
func_l_0x100000335,-618,False
func_l_0x100000393,80,False
func_l_0x1000005bd,-97,True
func_l_0x1000008cf,1094,False
func_l_0x100003391,-506,True
func_l_0x1000037a8,982,True
func_l_0x10000395a,978,False
func_l_0x10000395f,1135,True
func_l_0x100003995,77,False
func_l_0x100003a97,799,True
func_l_0x100003a9c,344,True
func_l_0x100003ab1,1021,False
func_l_0x100003ab3,863,True
func_l_0x100003c1a,803,False
func_l_0x100003c35,331,True
func_l_0x100003d00,-667,False
func_l_0x100003d30,261,True
func_l_0x100003d5b,-781,True
func_l_0x100003d89,-770,False
func_l_0x1000041a4,599,True
func_l_0x1000041aa,-587,False
func_l_0x100004292,112,True
func_l_0x10000429e,610,True
func_l_0x1000042b4,701,False
func_l_0x10000439c,487,False
func_l_0x100004574,573,True
func_l_0x100004ba6,-98,True
func_l_0x100004bc4,209,False
func_l_0x100004c6e,-109,False
func_l_0x100004c97,-338,True
func_l_0x100005675,-66,False
func_l_0x1000056a0,-510,False
func_l_0x1000058ba,-148,False
func_l_0x100005aca,277,False
func_l_0x100005aec,517,False
func_l_0x100005aee,223,False
func_l_0x100005b82,1104,False
func_l_0x100005d2d,-41,True
func_l_0x100006031,-69,False
func_l_0x10000609a,882,False
func_l_0x1000061d8,-206,True
func_l_0x1000068b5,140,True
func_l_0x1000068c1,868,True
func_l_0x1000068e5,-508,True
func_l_0x100006a19,243,False
func_l_0x100006f8a,-70,True
func_l_0x100006f8c,-307,True
func_l_0x1000071ac,281,False
func_l_0x100007374,1019,False
func_l_0x10000737e,352,False
func_l_0x10000739e,420,False
func_l_0x1000073c9,318,False
func_l_0x1000073f4,407,True
func_l_0x10000746f,-313,True
func_l_0x1000074e9,1015,True
func_l_0x1000076ec,996,False
func_l_0x1000078e1,-188,False
func_l_0x100007b9f,-151,False
func_l_0x100007c84,-293,False
func_l_0x100007c98,1093,True
func_l_0x100007ce6,204,True
func_l_0x100007da9,-741,True
func_l_0x100007e69,-753,False
func_l_0x100007fa8,972,True
func_l_0x1000081a0,-97,True
func_l_0x1000081ef,521,True
func_l_0x1000084b1,-838,True
func_l_0x10000853d,321,False
func_l_0x100008904,-786,True
func_l_0x100008925,93,False
func_l_0x1000089c6,-511,False
func_l_0x1000089f1,-57,False
func_l_0x1000089fb,-827,False
func_l_0x100008aaa,-311,False
func_l_0x100009017,38,True
func_l_0x100009019,501,True
func_l_0x10000901b,1128,False
func_l_0x10000906a,-248,False
func_l_0x1000092b2,815,False
func_l_0x1000094d0,112,False
func_l_0x100009593,263,True
func_l_0x1000096e3,-603,False
func_l_0x1000097a9,-259,False
func_l_0x100009854,408,False
func_l_0x1000098ea,-840,False
func_l_0x100009904,144,True
func_l_0x100009940,-378,True
func_l_0x100009999,1001,True
func_l_0x100009aa4,-256,True
func_l_0x100009da8,-198,True
func_l_0x100009e74,1044,False
func_l_0x100009e86,729,True
func_l_0x100009f17,-274,True
func_l_0x100009f5a,143,False
func_l_0x10000a032,649,False
func_l_0x10000a03c,1024,True
func_l_0x10000a668,457,False
func_l_0x10000aa7a,896,True
func_l_0x10000aad3,694,False
func_l_0x10000aaeb,125,False
func_l_0x10000ab15,795,False
func_l_0x10000ab17,-738,True
func_l_0x10000abe5,558,True
func_l_0x10000aefd,161,False
func_l_0x10000af01,-131,False
func_l_0x10000af6a,226,False
func_l_0x10000b21c,-172,False
func_l_0x10000b382,-682,False
func_l_0x10000b534,-696,True
func_l_0x10000b540,343,True
func_l_0x10000b74a,-148,False
func_l_0x10000b80e,-210,False
func_l_0x10000b88f,60,False
func_l_0x10000ba10,337,True
func_l_0x10000bb04,39,True
func_l_0x10000be2d,-553,True
func_l_0x10000c58d,362,False
func_le_0x100003870,903,True
func_le_0x100003872,170,True
func_le_0x100003874,513,True
func_le_0x100003876,322,False
func_le_0x10000387e,-139,True
func_le_0x100003880,1046,True
func_le_0x10000388c,-134,False
func_le_0x100003890,-611,False
func_le_0x10000389a,593,False
func_le_0x10000389c,-122,False
func_le_0x10000389e,1043,False
func_le_0x1000038ac,-680,False
func_le_0x1000038b4,418,True
func_le_0x1000038b6,-540,False
func_le_0x1000038bc,47,False
func_le_0x1000044d9,948,False
func_le_0x10000586e,154,True
func_le_0x100005c42,-449,True
func_le_0x100005c67,-739,False
func_le_0x100005cf2,-380,True
func_le_0x100005dad,56,False
func_le_0x100005dcd,-611,True
func_le_0x100005e15,-63,True
func_le_0x100005e17,1011,True
func_le_0x100005e20,434,True
func_le_0x100005e25,-339,False
func_le_0x100006117,137,False
func_le_0x1000061eb,-712,True
func_le_0x100006209,464,False
func_le_0x10000625a,570,True
func_le_0x100006ae5,-601,True
func_le_0x100007879,-846,True
func_le_0x100007882,385,False
func_le_0x100009214,791,True
func_le_0x100009c19,289,True
func_le_0x10000b7a1,944,False
func_le_0x10000b7a8,-491,True
func_le_0x10000b874,88,False
func_le_0x10000b87c,977,True
func_le_0x10000bc40,819,False
func_le_0x10000be0e,-713,True
func_le_0x10000c0b3,-26,False
func_le_0x10000c624,647,False
func_le_0x10000c63a,-274,False
func_le_0x10000c67f,354,False
func_le_0x10000c693,821,True
func_li_0x100008585,-367,False
func_li_0x100008662,-653,True
func_li_0x100008664,38,False
func_li_0x100008666,-292,True
func_li_0x100008793,-537,False
func_li_0x10000879a,370,False
func_li_0x1000087ca,689,False
func_li_0x100008818,-546,True
func_ln_0x1000007ea,-849,True
func_ln_0x10000a54f,223,False
func_ln_0x10000c1ad,299,True
func_ln_0x10000c1da,694,True
func_ln_0x10000c1dc,650,False
func_ln_0x10000c1de,-197,False
func_ln_0x10000c240,-275,True
func_lr_0x1000036f8,30,False
func_lr_0x10000370a,850,True
func_lr_0x10000371b,735,True
func_lr_0x10000372a,1018,True
func_lr_0x10000373a,-96,False
func_lr_0x100006605,-84,False
func_lr_0x1000067c4,811,False
func_lr_0x10000c1a5,370,False
func_lt_0x100000799,-591,True
func_lt_0x10000079d,-152,True
func_lt_0x1000007a1,-383,False
func_lt_0x1000007a3,883,False
func_lt_0x1000007a5,-271,False
func_lt_0x1000007a9,751,False
func_lt_0x1000007ab,-217,False
func_lt_0x1000007b1,646,True
func_lt_0x1000007b7,-717,False
func_lt_0x1000007b9,862,False
func_lt_0x1000007bb,-224,False
func_lt_0x1000007bd,664,True
func_lt_0x1000007c1,470,False
func_lt_0x1000007c5,-454,True
func_lt_0x1000007c7,-223,True
func_lt_0x1000007c9,602,False
func_lt_0x1000007cd,89,False
func_lt_0x1000007d1,-296,False
func_lt_0x10000677d,195,False
func_lt_0x1000067db,-98,False
func_lt_0x10000b99d,922,False
func_lt_0x10000b9a4,801,True
func_lt_0x10000b9de,-29,False
func_lt_0x10000bc22,-78,False
func_lt_0x10000c191,-244,True
func_lt_0x10000c1c3,-273,False
func_lu_0x1000035b7,492,False
func_lu_0x1000035b9,808,True
func_lu_0x1000035bc,310,False
func_lu_0x10000c230,518,False
func_m_0x100000127,1026,False
func_m_0x100000305,728,True
func_m_0x100000307,533,False
func_m_0x100000309,477,True
func_m_0x10000030b,-353,False
func_m_0x100003357,193,True
func_m_0x100003795,402,True
func_m_0x1000037b6,371,True
func_m_0x100003ab7,871,False
func_m_0x100003ac4,928,False
func_m_0x100003b01,433,False
func_m_0x100003b5e,540,False
func_m_0x100003b64,1013,False
func_m_0x100003b66,236,True
func_m_0x100003b68,296,True
func_m_0x100003b6c,939,False
func_m_0x100003e26,-132,True
func_m_0x1000040e8,-508,False
func_m_0x1000041f0,232,True
func_m_0x1000041fe,-521,True
func_m_0x100004234,-4,False
func_m_0x100004236,752,True
func_m_0x100004581,-130,True
func_m_0x100004583,855,False
func_m_0x100004585,1097,True
func_m_0x100004b85,810,True
func_m_0x100004bcc,-667,False
func_m_0x1000051cd,-834,False
func_m_0x1000055d9,-77,True
func_m_0x1000056a4,378,False
func_m_0x1000056a6,646,True
func_m_0x1000058f5,-406,False
func_m_0x100005902,-577,True
func_m_0x100005927,1092,True
func_m_0x100005939,1123,False
func_m_0x100005941,462,True
func_m_0x100005f71,238,False
func_m_0x100005f9d,-518,False
func_m_0x100005f9f,611,False
func_m_0x100005fa1,67,True
func_m_0x100006584,561,True
func_m_0x1000068a3,381,True
func_m_0x1000068a5,-676,True
func_m_0x100006a0b,1129,True
func_m_0x100006a0e,926,False
func_m_0x100006b4a,688,True
func_m_0x100006c5e,1086,True
func_m_0x100007715,-118,False
func_m_0x1000078d0,481,False
func_m_0x100007a41,825,True
func_m_0x100007bef,299,False
func_m_0x100007d0c,-81,True
func_m_0x100007d0f,-500,False
func_m_0x100007d1f,-49,True
func_m_0x100007d4c,706,True
func_m_0x100007d64,304,False
func_m_0x1000080c0,842,False
func_m_0x100008263,-696,True
func_m_0x100008939,115,False
func_m_0x10000893d,-401,True
func_m_0x100008953,663,True
func_m_0x100008960,715,True
func_m_0x100008b39,143,False
func_m_0x100008beb,-471,False
func_m_0x100008c02,576,True
func_m_0x100008c2f,-417,False
func_m_0x10000902c,626,False
func_m_0x100009031,21,False
func_m_0x10000906d,53,True
func_m_0x10000906f,-807,True
func_m_0x100009071,637,False
func_m_0x1000090c8,1010,False
func_m_0x1000090fe,-531,False
func_m_0x100009538,287,False
func_m_0x100009542,910,True
func_m_0x100009568,51,False
func_m_0x10000963a,683,True
func_m_0x1000096bc,-92,False
func_m_0x100009954,849,True
func_m_0x1000099fb,546,False
func_m_0x100009a02,861,False
func_m_0x100009a0a,-238,True
func_m_0x100009e14,807,True
func_m_0x100009e1a,58,False
func_m_0x100009ed6,110,False
func_m_0x10000a3a2,143,True
func_m_0x10000a73e,406,True
func_m_0x10000a870,318,True
func_m_0x10000a898,118,False
func_m_0x10000aae3,877,True
func_m_0x10000af27,-285,True
func_m_0x10000b5f4,-538,True
func_m_0x10000bb30,598,False
func_m_0x10000be53,90,True
func_m_0x10000bf47,-779,False
func_m_0x10000c6f4,482,False
func_me_0x10000390c,643,True
func_me_0x100003e82,35,False
func_me_0x100004343,428,False
func_me_0x100004345,348,False
func_me_0x100004347,367,False
func_me_0x1000044a9,-745,False
func_me_0x100004e14,710,False
func_me_0x100004e40,588,True
func_me_0x100004e46,-588,False
func_me_0x100004e5b,-184,True
func_me_0x100004e67,-403,True
func_me_0x100004e69,-42,False
func_me_0x100004e75,286,False
func_me_0x100004e77,-476,False
func_me_0x1000059c0,-568,True
func_me_0x100005b5d,-451,False
func_me_0x100005b5f,79,True
func_me_0x100005d66,654,False
func_me_0x100005e37,561,True
func_me_0x100005e51,-506,True
func_me_0x100007589,987,True
func_me_0x10000758f,838,True
func_me_0x10000795e,-365,False
func_me_0x100007966,-257,False
func_me_0x100007f8f,144,True
func_me_0x100008093,203,True
func_me_0x1000092fd,910,True
func_me_0x100009301,-445,True
func_me_0x100009303,494,False
func_me_0x10000930a,617,True
func_me_0x10000930c,-806,True
func_me_0x100009311,8,True
func_me_0x10000931d,987,True
func_me_0x100009321,-202,True
func_me_0x100009323,387,True
func_me_0x100009764,63,False
func_me_0x10000abb2,-622,True
func_me_0x10000abb4,265,False
func_me_0x10000b5e4,-320,False
func_me_0x10000b78f,-720,True
func_me_0x10000b791,489,True
func_me_0x10000bdf9,494,False
func_mn_0x100008661,606,True
func_mn_0x10000870f,750,False
func_mn_0x100008739,-202,False
func_mn_0x10000877e,136,True
func_mn_0x1000087b1,-738,True
func_mn_0x1000087c9,391,False
func_mn_0x1000087e2,892,False
func_mr_0x100006717,435,False
func_mr_0x10000671b,-778,True
func_mr_0x100006721,187,False
func_mr_0x100006729,-749,True
func_mr_0x100006731,660,True
func_mr_0x10000673b,-792,False
func_mr_0x100006741,-137,True
func_mr_0x100006743,1028,True
func_mr_0x10000674d,364,True
func_mr_0x10000674f,35,False
func_mr_0x100006751,741,False
func_mr_0x100006755,-417,False
func_mr_0x10000675b,770,True
func_mr_0x10000675f,-259,True
func_mr_0x100006767,-551,True
func_mr_0x100006769,-505,False
func_mr_0x10000676f,651,True
func_mr_0x100006771,1142,False
func_mr_0x100006779,-248,True
func_mr_0x10000677b,-9,True
func_mr_0x1000067e5,-494,False
func_mr_0x1000067e9,223,False
func_mr_0x1000067f5,-143,True
func_mr_0x1000067f7,-98,True
func_mr_0x1000067fd,1034,False
func_mr_0x1000067ff,-674,True
func_mr_0x100006801,-730,True
func_mr_0x100007125,640,False
func_mr_0x10000712b,-168,True
func_mr_0x10000b99f,-393,False
func_mr_0x10000b9d1,1022,False
func_mr_0x10000b9d3,-538,True
func_mr_0x10000b9db,-433,False
func_mr_0x10000bc0d,158,True
func_mt_0x1000007d3,60,False
func_mt_0x1000033fa,827,False
func_mt_0x100003403,4,True
func_mt_0x100003413,-826,True
func_mt_0x1000059c3,-247,False
func_mt_0x1000059c5,732,False
func_mt_0x1000059c7,1029,True
func_mt_0x1000059cb,599,False
func_mt_0x1000059cf,-484,True
func_mt_0x1000059d1,-560,False
func_mt_0x1000059d5,986,True
func_mt_0x1000059d7,-343,True
func_mt_0x1000059db,505,True
func_mt_0x1000059dd,853,False
func_mt_0x1000059e7,686,True
func_mt_0x1000059e9,-411,False
func_mt_0x1000059eb,964,True
func_mt_0x1000059ed,772,True
func_mt_0x1000059f3,-5,True
func_mt_0x1000059f5,917,True
func_mt_0x1000059f7,970,True
func_mt_0x1000059f9,-608,True
func_mt_0x100005a03,-447,False
func_mt_0x100005a13,804,False
func_mt_0x100005a15,-270,True
func_mt_0x100005a17,502,False
func_mt_0x100005a19,541,True
func_mt_0x100005a1b,1009,False
func_mt_0x100005a1d,1011,True
func_mt_0x100005a1f,925,True
func_mt_0x100005a21,622,False
func_mt_0x100005a29,-271,False
func_mt_0x100005a2b,762,False
func_mt_0x100005a2d,954,True
func_mt_0x100005a2f,405,True
func_mt_0x100005a37,-648,True
func_mt_0x100005a3b,-500,False
func_mt_0x100005a41,-554,False
func_mt_0x100005a49,581,True
func_mt_0x10000afc4,-220,True
func_mt_0x10000b986,-275,False
func_mt_0x10000b988,777,True
func_mt_0x10000b98f,833,True
func_mt_0x10000b991,-276,False
func_mt_0x10000b993,-385,True
func_mt_0x10000b9a9,-493,True
func_mt_0x10000c215,-185,True
func_n_0x100000004,-640,True
func_n_0x100000006,119,False
func_n_0x100000010,309,False
func_n_0x10000001a,703,True
func_n_0x100000046,-632,True
func_n_0x10000008e,941,False
func_n_0x1000000af,571,True
func_n_0x1000000be,460,False
func_n_0x100000160,1012,True
func_n_0x10000016f,-193,True
func_n_0x100000172,761,False
func_n_0x100000178,392,True
func_n_0x100000185,1056,False
func_n_0x10000018e,341,False
func_n_0x100000193,-599,False
func_n_0x10000019a,959,True
func_n_0x1000001a2,411,True
func_n_0x100000235,829,True
func_n_0x100000238,896,True
func_n_0x100000274,1034,False
func_n_0x100000279,-516,False
func_n_0x1000002a4,201,True
func_n_0x10000032e,15,True
func_n_0x100000363,158,True
func_n_0x100000388,-548,False
func_n_0x1000003cd,-206,True
func_n_0x1000003d8,380,False
func_n_0x1000003e5,-388,True
func_n_0x100000416,126,True
func_n_0x100000428,-6,True
func_n_0x10000043e,-796,True
func_n_0x10000044c,454,True
func_n_0x100000450,1052,True
func_n_0x100000488,29,False
func_n_0x1000004b6,222,False
func_n_0x1000004bc,498,False
func_n_0x1000004bf,-319,True
func_n_0x1000004c6,-520,True
func_n_0x1000004ec,665,True
func_n_0x1000004f4,754,True
func_n_0x1000004f6,-42,True
func_n_0x1000004fa,-339,False
func_n_0x100000507,570,True
func_n_0x10000050f,-385,False
func_n_0x100000538,-803,False
func_n_0x100000550,915,True
func_n_0x100000560,176,True
func_n_0x100000562,-582,False
func_n_0x100000564,-43,False
func_n_0x100000566,365,False
func_n_0x100000568,-334,True
func_n_0x10000056d,293,True
func_n_0x100000599,868,True
func_n_0x1000005c2,-98,False
func_n_0x1000005de,-644,True
func_n_0x10000086c,275,False
func_n_0x100000898,-132,False
func_n_0x10000089f,1029,True
func_n_0x1000008ae,618,False
func_n_0x1000008b9,-784,False
func_n_0x1000008c0,914,True
func_n_0x1000008c9,232,True
func_n_0x1000008f1,-660,True
func_n_0x100000901,197,True
func_n_0x100000933,-740,False
func_n_0x10000093f,-577,False
func_n_0x100000963,-789,False
func_n_0x10000331d,-746,True
func_n_0x100003394,678,True
func_n_0x1000037b1,452,False
func_n_0x100003af6,294,False
func_n_0x100003b0d,1082,False
func_n_0x100003bc4,-6,False
func_n_0x100003bfd,1068,True
func_n_0x100003c1d,-342,False
func_n_0x100003d2a,941,True
func_n_0x100003d42,-346,False
func_n_0x100003edb,378,True
func_n_0x100004563,772,True
func_n_0x100004590,397,False
func_n_0x10000459d,-439,False
func_n_0x1000045aa,577,True
func_n_0x100004be7,869,True
func_n_0x100004d2c,-58,True
func_n_0x100004d33,701,False
func_n_0x1000051e4,-239,True
func_n_0x1000051f5,705,True
func_n_0x10000568f,-37,False
func_n_0x10000570e,237,False
func_n_0x1000058c0,413,True
func_n_0x100005acf,420,True
func_n_0x100005b01,621,False
func_n_0x100005f7c,-818,False
func_n_0x100005f99,69,True
func_n_0x100006093,479,True
func_n_0x1000061e9,657,False
func_n_0x100006346,92,False
func_n_0x1000065e6,426,True
func_n_0x100006840,-338,False
func_n_0x10000686a,-817,False
func_n_0x1000068d6,240,True
func_n_0x1000068f0,-317,True
func_n_0x1000068f9,-447,False
func_n_0x100006903,-675,True
func_n_0x10000690f,98,False
func_n_0x100006917,852,False
func_n_0x100006f47,-74,False
func_n_0x1000071d5,882,True
func_n_0x1000071d7,822,True
func_n_0x10000736c,-780,True
func_n_0x100007440,1061,True
func_n_0x100007565,159,False
func_n_0x10000756a,-563,True
func_n_0x1000075b0,1125,True
func_n_0x1000075d2,1095,False
func_n_0x10000794a,444,True
func_n_0x1000079bf,821,True
func_n_0x1000079da,793,False
func_n_0x100007cd0,-698,False
func_n_0x100007cd2,580,True
func_n_0x100008565,-147,False
func_n_0x100008900,-273,True
func_n_0x1000089a7,-524,False
func_n_0x1000089fa,-92,False
func_n_0x100008a00,-826,False
func_n_0x100008a09,236,False
func_n_0x100008a0c,953,False
func_n_0x100008a0f,512,True
func_n_0x100008a40,376,True
func_n_0x100008ac1,-273,False
func_n_0x100009064,135,True
func_n_0x1000090ad,-289,True
func_n_0x100009159,303,True
func_n_0x1000092b5,-698,True
func_n_0x100009416,-354,False
func_n_0x10000941a,644,False
func_n_0x10000951e,22,False
func_n_0x100009611,469,False
func_n_0x100009657,-815,False
func_n_0x100009659,220,True
func_n_0x10000965b,-394,True
func_n_0x10000965d,824,True
func_n_0x10000965f,89,True
func_n_0x100009661,424,True
func_n_0x100009663,-375,True
func_n_0x100009665,780,True
func_n_0x100009667,-553,True
func_n_0x100009669,68,True
func_n_0x10000966b,191,True
func_n_0x10000966d,-536,False
func_n_0x10000966f,82,False
func_n_0x100009671,-327,True
func_n_0x100009680,798,True
func_n_0x100009686,-566,True
func_n_0x1000096d1,920,True
func_n_0x1000096d3,-376,False
func_n_0x1000096d8,-61,True
func_n_0x100009853,-687,False
func_n_0x100009b23,-753,False
func_n_0x100009b2b,-487,False
func_n_0x100009b3e,257,True
func_n_0x100009b6d,183,True
func_n_0x100009b71,-629,True
func_n_0x100009bc0,-336,False
func_n_0x100009da1,-245,True
func_n_0x100009dc3,-104,True
func_n_0x10000a0da,315,True
func_n_0x10000a22a,-385,True
func_n_0x10000a264,-713,False
func_n_0x10000a46e,883,False
func_n_0x10000a681,64,True
func_n_0x10000a687,796,True
func_n_0x10000a758,-579,False
func_n_0x10000a75c,-596,False
func_n_0x10000abdb,718,False
func_n_0x10000abf6,610,False
func_n_0x10000ac0a,88,False
func_n_0x10000ac31,-426,False
func_n_0x10000b19a,682,True
func_n_0x10000b701,489,True
func_n_0x10000b70a,70,False
func_n_0x10000b7fd,-789,False
func_n_0x10000b80b,884,False
func_n_0x10000ba90,481,False
func_n_0x10000bd3d,358,False
func_n_0x10000bd52,-412,False
func_n_0x10000be4a,471,True
func_n_0x10000be4e,374,True
func_n_0x10000bf8e,-231,True
func_n_0x10000c24c,748,False
func_n_0x10000c717,-426,False
func_ne_0x10000357a,1033,False
func_ne_0x100003582,-594,True
func_ne_0x100003586,-759,False
func_ne_0x10000358a,887,True
func_ne_0x10000358e,-366,True
func_ne_0x100003592,367,False
func_ne_0x100003596,-34,False
func_ne_0x10000359a,-494,False
func_ne_0x1000035a4,-223,False
func_ne_0x10000385d,-816,True
func_ne_0x1000038ce,-259,False
func_ne_0x100003bb0,995,True
func_ne_0x100003bb4,-22,False
func_ne_0x100003e74,629,True
func_ne_0x100003e76,-187,False
func_ne_0x100003e7a,153,True
func_ne_0x100003f5a,776,False
func_ne_0x100003ff0,826,False
func_ne_0x100004103,-752,True
func_ne_0x10000410d,194,False
func_ne_0x1000042e3,433,False
func_ne_0x1000043b8,-751,True
func_ne_0x10000583b,-151,False
func_ne_0x100005c10,440,False
func_ne_0x100005eab,375,False
func_ne_0x1000064cc,755,False
func_ne_0x1000064ce,-607,False
func_ne_0x1000064d0,382,True
func_ne_0x1000064d2,134,False
func_ne_0x1000064d6,-249,True
func_ne_0x1000064d8,333,False
func_ne_0x1000064da,76,False
func_ne_0x1000064de,356,False
func_ne_0x1000064e6,177,False
func_ne_0x1000064f1,675,True
func_ne_0x100006b51,-648,True
func_ne_0x100006b5e,1034,True
func_ne_0x100006d63,-36,True
func_ne_0x100006d66,615,False
func_ne_0x100006d6a,237,False
func_ne_0x100006da2,23,False
func_ne_0x10000733f,575,True
func_ne_0x100007541,591,False
func_ne_0x100007b3a,-838,False
func_ne_0x100007b3c,735,True
func_ne_0x100007b3e,-9,True
func_ne_0x100007c2d,1111,False
func_ne_0x100007c42,292,True
func_ne_0x100008368,833,True
func_ne_0x100008ee1,116,False
func_ne_0x100009866,1111,False
func_ne_0x10000988c,275,True
func_ne_0x100009a59,849,False
func_ne_0x100009a70,21,False
func_ne_0x100009a74,-80,True
func_ne_0x10000a4a8,-473,True
func_ne_0x10000a4d9,361,True
func_ne_0x10000a900,116,False
func_ne_0x10000a928,-201,True
func_ne_0x10000aa8a,430,False
func_ne_0x10000aa8c,150,False
func_ne_0x10000aa8e,190,True
func_ne_0x10000aa91,-499,False
func_ne_0x10000aa93,-467,False
func_ne_0x10000ab02,624,True
func_ne_0x10000ab06,617,False
func_ne_0x10000ab53,982,True
func_ne_0x10000aca4,316,False
func_ne_0x10000aca6,-279,True
func_ne_0x10000aca8,944,False
func_ne_0x10000b468,84,True
func_ne_0x10000b46c,803,True
func_ne_0x10000b49e,261,False
func_ne_0x10000bac3,107,False
func_ne_0x10000be1a,-651,True
func_ne_0x10000be1c,327,False
func_ne_0x10000c373,111,True
func_ne_0x10000c375,-762,False
func_ne_0x10000c377,-19,True
func_ne_0x10000c37b,-67,False
func_ne_0x10000c38b,195,True
func_ne_0x10000c3c6,650,False
func_ne_0x10000c3ca,-325,False
func_ne_0x10000c3d6,-568,False
func_ne_0x10000c3dc,860,False
func_ne_0x10000c3f0,-23,False
func_ne_0x10000c56d,-171,False
func_ne_0x10000c576,739,False
func_nn_0x10000863f,-226,False
func_nn_0x100008641,190,True
func_nn_0x100008643,-376,True
func_nn_0x10000865f,190,False
func_nn_0x10000872f,-283,True
func_nn_0x100008799,623,False
func_nn_0x1000087ab,958,True
func_nn_0x100008801,-731,True
func_nn_0x10000884a,414,True
func_nr_0x1000007dc,118,True
func_nr_0x1000007de,459,True
func_nr_0x1000007e0,160,True
func_nr_0x1000007e2,517,False
func_nr_0x1000007e4,-304,True
func_nr_0x1000007e9,-602,True
func_nr_0x100003c68,-619,True
func_nr_0x100004058,66,True
func_nr_0x1000040af,823,False
func_nr_0x1000040cf,-371,True
func_nr_0x1000040d5,228,False
func_nr_0x1000040db,877,True
func_nr_0x10000727f,-684,True
func_nr_0x10000bfbd,717,False
func_nr_0x10000bfcf,1014,False
func_nr_0x10000bfdc,-522,True
func_nr_0x10000bff6,179,False
func_nr_0x10000c01e,-297,True
func_nr_0x10000c024,890,False
func_nr_0x10000c02a,-550,False
func_nr_0x10000c034,307,False
func_nr_0x10000c044,570,True
func_nr_0x10000c04c,213,True
func_nr_0x10000c16b,639,True
func_nr_0x10000c1ec,-540,False
func_nr_0x10000c1f7,-178,False
func_nu_0x10000ae0c,-749,True
func_nu_0x10000ae2a,644,True
func_nu_0x10000ae30,819,True
func_nu_0x10000ae3e,552,True
func_o_0x100000017,-745,True
func_o_0x1000000f7,-440,False
func_o_0x10000017f,514,True
func_o_0x100000254,417,False
func_o_0x1000002a0,-87,False
func_o_0x1000002ba,-532,False
func_o_0x100000366,913,True
func_o_0x1000003a4,-306,True
func_o_0x1000003b7,-790,False
func_o_0x1000003e3,459,False
func_o_0x100000410,681,True
func_o_0x100000430,-796,False
func_o_0x100000480,282,False
func_o_0x1000004fc,-112,True
func_o_0x100000519,-461,False
func_o_0x100000553,-252,True
func_o_0x100000557,706,False
func_o_0x100000570,136,True
func_o_0x100000587,-757,True
func_o_0x10000058b,260,True
func_o_0x100000840,163,True
func_o_0x100000866,431,True
func_o_0x100000870,-677,False
func_o_0x1000008e2,355,False
func_o_0x10000090b,524,False
func_o_0x100000914,-24,False
func_o_0x100000919,-313,True
func_o_0x1000037ad,17,False
func_o_0x1000037e7,-337,False
func_o_0x100003948,-515,True
func_o_0x100003980,711,True
func_o_0x100003a2e,-547,True
func_o_0x100003a4d,-185,False
func_o_0x100003bd2,-219,True
func_o_0x100003c4c,341,True
func_o_0x100003d7c,788,True
func_o_0x10000411d,138,False
func_o_0x100004593,-214,True
func_o_0x1000045a0,-442,True
func_o_0x100004ae5,-821,False
func_o_0x100004bf5,-621,False
func_o_0x100004cc5,585,False
func_o_0x100004cec,-70,True
func_o_0x100004d2e,-618,False
func_o_0x100004df6,507,False
func_o_0x100004ef2,-543,True
func_o_0x100004ef4,-509,True
func_o_0x100004f0c,-664,True
func_o_0x100005642,1018,True
func_o_0x100005654,105,False
func_o_0x100005662,739,True
func_o_0x100005693,-205,False
func_o_0x1000058cd,-847,False
func_o_0x100005b8f,176,True
func_o_0x100005bc3,-445,True
func_o_0x100005bc9,360,True
func_o_0x100005c22,48,True
func_o_0x100005f3e,300,False
func_o_0x100005f77,226,True
func_o_0x10000603b,323,False
func_o_0x10000686d,622,True
func_o_0x1000068b2,-109,True
func_o_0x1000068b8,557,False
func_o_0x1000068be,452,False
func_o_0x100006a17,-118,False
func_o_0x100006a6e,-674,True
func_o_0x10000705d,600,True
func_o_0x1000071a6,938,False
func_o_0x100007337,648,True
func_o_0x100007377,639,False
func_o_0x100007388,292,True
func_o_0x10000744c,-723,False
func_o_0x1000074e7,-306,False
func_o_0x100007568,-169,False
func_o_0x1000078c6,-299,True
func_o_0x1000078e8,-200,True
func_o_0x10000793c,-303,True
func_o_0x100007993,-601,False
func_o_0x1000079ad,1078,False
func_o_0x1000079ca,-422,True
func_o_0x100007c83,990,True
func_o_0x100007c97,1085,True
func_o_0x100007ce9,548,True
func_o_0x100007d96,-660,False
func_o_0x100007ebb,208,True
func_o_0x1000081b6,-5,True
func_o_0x1000081ea,-3,False
func_o_0x1000084aa,805,False
func_o_0x10000890b,-499,False
func_o_0x100008915,-413,True
func_o_0x10000891a,346,False
func_o_0x10000892d,-675,True
func_o_0x100008933,-197,False
func_o_0x100008949,316,True
func_o_0x100008988,-554,True
func_o_0x1000089e7,1071,True
func_o_0x100008b4f,230,False
func_o_0x100008b62,74,True
func_o_0x100008c05,1087,False
func_o_0x100008c32,-402,True
func_o_0x100008c5e,1138,True
func_o_0x100008c6a,958,True
func_o_0x1000090d4,-844,True
func_o_0x100009521,-216,False
func_o_0x10000952b,82,False
func_o_0x100009531,51,True
func_o_0x100009615,956,False
func_o_0x100009678,-265,False
func_o_0x100009682,121,False
func_o_0x10000979e,-355,False
func_o_0x1000097ac,-366,True
func_o_0x100009845,-114,True
func_o_0x100009849,-446,True
func_o_0x1000098c3,-412,False
func_o_0x10000992b,305,False
func_o_0x100009933,132,True
func_o_0x1000099bb,-614,True
func_o_0x100009a1e,-527,True
func_o_0x100009a26,537,True
func_o_0x100009b17,458,True
func_o_0x100009ba3,-532,False
func_o_0x100009baf,-628,True
func_o_0x100009bc9,535,False
func_o_0x100009df3,1059,True
func_o_0x100009e61,434,False
func_o_0x100009e69,536,True
func_o_0x100009eb0,-667,False
func_o_0x100009fa4,1085,False
func_o_0x100009fd5,-296,False
func_o_0x10000a021,-255,False
func_o_0x10000a0d0,91,False
func_o_0x10000a246,-189,True
func_o_0x10000a474,988,False
func_o_0x10000a633,497,False
func_o_0x10000a63e,775,True
func_o_0x10000acba,-615,False
func_o_0x10000ae67,818,True
func_o_0x10000ae6e,-312,True
func_o_0x10000aec0,873,True
func_o_0x10000aef7,749,True
func_o_0x10000af4c,-30,False
func_o_0x10000af53,818,False
func_o_0x10000af61,1145,False
func_o_0x10000b158,432,True
func_o_0x10000b53d,20,True
func_o_0x10000b60a,192,True
func_o_0x10000b730,-239,True
func_o_0x10000b73d,-740,True
func_o_0x10000b7d6,946,False
func_o_0x10000b883,107,True
func_o_0x10000b8af,593,True
func_o_0x10000bd54,-753,False
func_o_0x10000bf26,346,True
func_o_0x10000c254,264,False
func_o_0x10000c702,-763,True
func_oe_0x1000001f6,394,False
func_oe_0x1000001f8,-304,True
func_oe_0x100000202,-409,True
func_oe_0x10000383f,120,False
func_oe_0x100003845,-138,False
func_oe_0x10000391e,-181,False
func_oe_0x100003eaf,1041,True
func_oe_0x100003f79,670,True
func_oe_0x100003fb2,348,True
func_oe_0x100003fb4,-191,True
func_oe_0x100004315,775,True
func_oe_0x100004e7e,-71,False
func_oe_0x100004e92,-583,False
func_oe_0x100004e94,820,True
func_oe_0x100004e9c,591,True
func_oe_0x100004e9e,498,True
func_oe_0x100004ea0,72,True
func_oe_0x1000056d9,821,True
func_oe_0x1000056db,921,False
func_oe_0x100005c19,-205,True
func_oe_0x100005e45,462,True
func_oe_0x100005e47,-618,False
func_oe_0x100005e69,461,False
func_oe_0x1000062ba,-197,True
func_oe_0x100006348,691,True
func_oe_0x10000637c,-228,False
func_oe_0x100006381,-516,False
func_oe_0x100006385,-430,False
func_oe_0x10000638b,1064,True
func_oe_0x100006efa,498,True
func_oe_0x100006f35,197,True
func_oe_0x100007550,-748,False
func_oe_0x100007598,-798,True
func_oe_0x100007684,734,True
func_oe_0x100009a66,-508,True
func_oe_0x100009a76,867,True
func_oe_0x100009caa,908,False
func_oe_0x100009cb0,-209,False
func_oe_0x100009cb4,633,False
func_oe_0x100009cb6,-299,True
func_oe_0x100009ccc,-546,True
func_oe_0x100009cd0,-77,True
func_oe_0x10000a3ea,376,True
func_oe_0x10000a3ec,1083,False
func_oe_0x10000a8e6,-508,False
func_oe_0x10000a8e8,987,False
func_oe_0x10000a8f2,-604,False
func_oe_0x10000a904,1090,True
func_oe_0x10000ab62,-186,True
func_oe_0x10000ab6e,-720,False
func_oe_0x10000b2bc,555,True
func_oe_0x10000b2de,1043,False
func_oe_0x10000b2f8,142,False
func_oe_0x10000b506,-271,True
func_oe_0x10000b50d,1074,False
func_oe_0x10000b50f,-456,True
func_oe_0x10000b519,578,False
func_oe_0x10000b520,-294,True
func_oe_0x10000b5d6,835,True
func_oe_0x10000b66c,-323,True
func_oe_0x10000b719,278,True
func_oe_0x10000b77c,900,False
func_oe_0x10000b7b2,-810,True
func_oe_0x10000b7b5,58,True
func_oe_0x10000ba15,-167,True
func_oe_0x10000ba17,1072,True
func_oe_0x10000ba1b,-155,True
func_oe_0x10000ba1d,-81,False
func_oe_0x10000ba21,429,False
func_oe_0x10000ba5c,806,True
func_oe_0x10000bd96,781,True
func_oe_0x10000bda4,1099,False
func_oe_0x10000c4d1,-321,False
func_oe_0x10000c4d5,565,False
func_oe_0x10000c4d7,-801,True
func_oe_0x10000c4d9,1080,False
func_oe_0x10000c4dd,403,False
func_oi_0x100007fc5,-117,True
func_oi_0x10000841c,168,True
func_oi_0x10000841e,730,False
func_oi_0x100008420,-273,True
func_oi_0x100008426,-673,True
func_oi_0x10000842a,235,True
func_on_0x10000ad3e,-651,True
func_on_0x10000adec,350,False
func_on_0x10000ae4b,-656,True
func_on_0x10000afc7,-350,False
func_on_0x10000afc9,510,False
func_on_0x10000b099,-101,False
func_on_0x10000b09b,-91,True
func_on_0x10000b0a6,1137,True
func_on_0x10000b0f4,244,True
func_on_0x10000b108,-440,False
func_on_0x10000b12b,-575,False
func_on_0x10000b137,642,False
func_on_0x10000b147,-47,True
func_on_0x10000b14b,236,False
func_ot_0x100005d6b,606,False
func_ot_0x100005d85,-260,True
func_ot_0x100005d9f,454,False
func_ot_0x100005db4,1055,True
func_ot_0x1000069d5,-723,True
func_ot_0x1000069d9,332,False
func_ot_0x1000069dd,-147,False
func_ot_0x1000069e3,801,True
func_ot_0x100007a72,532,False
func_ot_0x100007aae,1007,False
func_ot_0x100008033,-107,True
func_ot_0x10000803b,-497,False
func_ot_0x10000938b,574,False
func_ot_0x1000093b6,-412,True
func_ot_0x100009409,-410,True
func_ot_0x10000940c,658,False
func_ot_0x10000940e,-145,False
func_ot_0x100009410,-347,False
func_ot_0x100009bf2,-277,True
func_ot_0x100009bfc,-99,False
func_ot_0x100009bfe,-234,True
func_ot_0x100009c0d,951,True
func_ot_0x100009c14,-624,False
func_ot_0x10000ba4d,-679,True
func_ot_0x10000bca6,-250,False
func_ot_0x10000bd10,766,False
func_ot_0x10000bd17,-116,True
func_ou_0x1000052e5,952,True
func_ou_0x10000533c,107,True
func_ou_0x10000542d,-489,True
func_ou_0x1000054a0,-246,True
func_ou_0x1000054a4,799,False
func_ou_0x1000054d4,325,False
func_ou_0x1000055a9,-40,False
func_p0_0x100004a3f,-105,False
func_p_0x10000035d,1068,False
func_p_0x10000052d,240,True
func_p_0x1000005be,-829,False
func_p_0x1000008d6,614,False
func_p_0x1000037d4,-737,False
func_p_0x1000037f3,446,True
func_p_0x1000038c1,303,True
func_p_0x100003a4f,-714,True
func_p_0x100003ab6,-630,True
func_p_0x100003bcb,-159,False
func_p_0x100003bcf,464,True
func_p_0x100003c26,67,True
func_p_0x100003d13,856,True
func_p_0x100003d35,-285,False
func_p_0x100003d39,-153,True
func_p_0x10000411e,372,True
func_p_0x100004243,-332,False
func_p_0x1000045a7,792,False
func_p_0x100004baa,-612,True
func_p_0x100004bb1,-382,True
func_p_0x100004bb5,875,True
func_p_0x100004bbc,845,True
func_p_0x100004bec,2,True
func_p_0x100004bf2,-336,False
func_p_0x100004c6c,213,True
func_p_0x100004c83,100,True
func_p_0x100004cbe,-352,False
func_p_0x100004ce9,47,True
func_p_0x100004d2f,-99,False
func_p_0x100004dee,626,False
func_p_0x1000051b2,-619,True
func_p_0x100005618,-759,True
func_p_0x10000566a,-528,False
func_p_0x10000566c,232,True
func_p_0x100005676,-7,True
func_p_0x1000057e3,708,True
func_p_0x100005ac8,-420,False
func_p_0x100005b04,511,False
func_p_0x100005c3a,-203,True
func_p_0x100005d0e,1113,False
func_p_0x100005f3f,939,False
func_p_0x100005f4d,182,True
func_p_0x100005f58,-526,True
func_p_0x1000066bb,148,True
func_p_0x100006872,1003,True
func_p_0x100006876,46,True
func_p_0x1000068c8,154,False
func_p_0x1000068f6,-675,True
func_p_0x10000693a,204,False
func_p_0x100006947,494,False
func_p_0x100006f7b,645,False
func_p_0x100006f96,-129,False
func_p_0x100006fda,273,True
func_p_0x10000738d,1095,False
func_p_0x100007390,-252,True
func_p_0x1000073c6,425,False
func_p_0x100007437,476,True
func_p_0x10000750a,742,True
func_p_0x1000077e1,788,False
func_p_0x1000077e3,342,True
func_p_0x1000078e9,-174,False
func_p_0x100007909,-584,False
func_p_0x100007921,544,True
func_p_0x100007923,152,True
func_p_0x100007937,-814,False
func_p_0x10000794f,-281,True
func_p_0x1000079de,309,False
func_p_0x100007c5d,362,False
func_p_0x100007cf7,750,True
func_p_0x100008077,-141,True
func_p_0x1000081f2,-67,False
func_p_0x1000084bc,-204,False
func_p_0x1000084e5,-746,False
func_p_0x1000088e3,-172,True
func_p_0x10000891f,330,True
func_p_0x100008989,1120,False
func_p_0x1000089c0,197,True
func_p_0x1000089d9,1076,False
func_p_0x100008a8a,-184,False
func_p_0x100008b5d,227,False
func_p_0x100008c5f,149,True
func_p_0x100008c63,-614,False
func_p_0x10000901d,534,True
func_p_0x10000903c,-782,True
func_p_0x1000090b2,-32,False
func_p_0x100009513,268,False
func_p_0x100009535,853,True
func_p_0x10000955e,674,False
func_p_0x100009563,185,True
func_p_0x1000096f2,-220,True
func_p_0x1000096fc,665,False
func_p_0x1000096fe,-119,False
func_p_0x10000977c,-577,False
func_p_0x100009958,527,False
func_p_0x100009aa1,-692,True
func_p_0x100009ddd,-572,False
func_p_0x100009e3c,8,True
func_p_0x100009e46,-60,False
func_p_0x100009e48,-521,False
func_p_0x100009e5c,629,True
func_p_0x100009e64,-728,False
func_p_0x100009e66,-28,True
func_p_0x100009e6f,-628,False
func_p_0x100009e81,-196,False
func_p_0x100009e83,-519,False
func_p_0x100009e8b,-309,False
func_p_0x100009ea4,432,True
func_p_0x100009eb5,1090,False
func_p_0x100009eb7,-699,False
func_p_0x100009ec9,-710,True
func_p_0x100009eec,848,True
func_p_0x100009ef6,-515,True
func_p_0x100009ef8,909,True
func_p_0x100009f08,806,True
func_p_0x100009f0a,-600,False
func_p_0x100009f12,268,True
func_p_0x100009f14,206,True
func_p_0x100009f73,171,True
func_p_0x100009f85,473,False
func_p_0x100009f97,-455,False
func_p_0x100009f99,232,False
func_p_0x100009f9f,652,False
func_p_0x100009fdb,314,False
func_p_0x100009fe3,755,True
func_p_0x10000a024,592,False
func_p_0x10000a026,0,False
func_p_0x10000a02d,544,False
func_p_0x10000a02f,-637,True
func_p_0x10000a036,236,True
func_p_0x10000a040,623,True
func_p_0x10000a04a,853,True
func_p_0x10000a053,827,True
func_p_0x10000a174,433,False
func_p_0x10000a397,537,True
func_p_0x10000a49e,-220,True
func_p_0x10000a644,-781,False
func_p_0x10000a657,756,True
func_p_0x10000a65d,-316,True
func_p_0x10000a744,-371,True
func_p_0x10000aac6,6,False
func_p_0x10000abe6,-508,False
func_p_0x10000acb4,973,True
func_p_0x10000aed0,485,False
func_p_0x10000af13,-829,True
func_p_0x10000b276,-63,False
func_p_0x10000b552,284,True
func_p_0x10000b898,753,False
func_p_0x10000ba7d,-827,True
func_p_0x10000c4e1,1128,False
func_pe_0x100003861,-446,False
func_pe_0x10000447f,-467,False
func_pe_0x100004481,487,False
func_pe_0x10000450c,-25,True
func_pe_0x100004e48,-571,True
func_pe_0x1000057ae,-354,True
func_pe_0x1000057b0,-304,True
func_pe_0x1000057b8,906,False
func_pe_0x1000057ba,-231,False
func_pe_0x10000589e,-852,False
func_pe_0x100005a6e,303,False
func_pe_0x100005a70,774,False
func_pe_0x100005b0f,-43,False
func_pe_0x100005b11,298,True
func_pe_0x100005b17,1076,True
func_pe_0x100005b1a,373,True
func_pe_0x100005b1c,-710,True
func_pe_0x100005b21,975,True
func_pe_0x100005b25,-514,True
func_pe_0x100005b30,533,True
func_pe_0x1000062b6,516,False
func_pe_0x100006af0,-612,True
func_pe_0x100008b11,-394,False
func_pe_0x100009313,1067,True
func_pe_0x100009315,-277,True
func_pe_0x10000931b,243,True
func_pe_0x100009c7a,-569,False
func_pe_0x100009c7c,-170,True
func_pe_0x100009d2b,856,False
func_pe_0x10000a17b,212,False
func_pe_0x10000a17f,308,False
func_pe_0x10000a183,888,False
func_pe_0x10000a185,163,True
func_pe_0x10000a1b1,-318,False
func_pe_0x10000a306,763,False
func_pe_0x10000a6c3,-288,True
func_pe_0x10000a6e2,942,False
func_pe_0x10000a6ea,29,True
func_pe_0x10000b5e5,751,True
func_pe_0x10000c363,675,False
func_pe_0x10000c491,960,False
func_pn_0x1000035bf,388,False
func_po_0x1000083b9,-771,False
func_pr_0x1000067e1,1055,True
func_pr_0x1000067e3,197,True
func_pr_0x1000067f3,316,True
func_pr_0x1000067fb,1015,False
func_pr_0x100006803,369,False
func_pr_0x1000070dc,-3,False
func_pr_0x10000aa29,-459,True
func_pr_0x10000b9af,-292,False
func_pr_0x10000b9d7,-89,True
func_pr_0x10000c179,15,False
func_pr_0x10000c20b,847,False
func_pt_0x1000052fa,-656,True
func_pt_0x10000530e,-371,True
func_pt_0x100005310,-223,True
func_pt_0x100005319,834,True
func_pt_0x100005321,274,False
func_pt_0x100005323,600,False
func_pt_0x10000533f,-440,False
func_pt_0x100005349,265,False
func_pt_0x100005353,-55,True
func_pt_0x100005375,-593,False
func_pt_0x10000537b,961,False
func_pt_0x100005395,155,True
func_pt_0x100005397,97,False
func_pt_0x100005399,-184,False
func_pt_0x10000539d,841,False
func_pt_0x10000539f,63,True
func_pt_0x1000053a1,-133,True
func_pt_0x1000053a3,219,False
func_pt_0x1000053a5,-797,True
func_pt_0x1000053ab,933,False
func_pt_0x1000053af,822,True
func_pt_0x1000053bf,-614,True
func_pt_0x1000053c1,918,True
func_pt_0x1000053c3,1144,True
func_pt_0x1000053d6,-105,True
func_pt_0x1000053d9,1086,False
func_pt_0x1000053df,747,True
func_pt_0x1000053eb,627,False
func_pt_0x1000053ee,-846,False
func_pt_0x1000053f3,600,True
func_pt_0x1000053f5,284,False
func_pt_0x1000053f7,24,False
func_pt_0x100005405,107,False
func_pt_0x10000540b,-382,False
func_pt_0x10000540d,526,True
func_pt_0x10000540f,448,False
func_pt_0x100005415,862,True
func_pt_0x100005417,-832,True
func_pt_0x10000541b,224,True
func_pt_0x100005421,903,False
func_pt_0x10000542f,-296,False
func_pt_0x100005431,-504,False
func_pt_0x100005433,-191,False
func_pt_0x100005435,254,False
func_pt_0x100005437,354,True
func_pt_0x10000543b,-77,False
func_pt_0x100005446,781,False
func_pt_0x100005448,4,True
func_pt_0x100005450,-359,True
func_pt_0x100005454,1117,True
func_pt_0x100005458,-227,True
func_pt_0x10000546e,-361,False
func_pt_0x100005477,367,False
func_pt_0x100005482,-257,False
func_pt_0x10000548d,-818,True
func_pt_0x100005493,358,True
func_pt_0x100005498,728,False
func_pt_0x10000549d,321,False
func_pt_0x10000549f,-764,False
func_pt_0x1000054a9,376,False
func_pt_0x1000054cc,495,False
func_pt_0x1000054ce,383,False
func_pt_0x1000054d0,319,True
func_pt_0x1000054d7,957,True
func_pt_0x1000054ed,820,True
func_pt_0x1000054fa,492,True
func_pt_0x100005511,1047,True
func_pt_0x100005514,215,True
func_pt_0x100005530,831,True
func_pt_0x100005541,-149,False
func_pt_0x10000554e,-508,False
func_pt_0x100005550,68,False
func_pt_0x100005554,610,True
func_pt_0x100005581,947,False
func_pt_0x1000055b0,81,True
func_pt_0x1000055b7,1065,False
func_q_0x1000001dd,833,False
func_q_0x1000001df,237,True
func_q_0x1000001e1,-25,False
func_q_0x1000001e5,444,False
func_q_0x1000001ed,397,False
func_q_0x1000001ef,690,True
func_q_0x1000001f1,519,False
func_q_0x10000339f,1092,False
func_q_0x100003542,771,False
func_q_0x100003544,-736,False
func_q_0x10000354a,-234,False
func_q_0x10000354c,216,True
func_q_0x10000354e,744,False
func_q_0x100003552,-628,True
func_q_0x100003556,288,True
func_q_0x10000355a,139,False
func_q_0x10000355c,-774,False
func_q_0x100003566,-572,False
func_q_0x100003a8c,814,False
func_q_0x100003b93,-84,False
func_q_0x100003bef,462,True
func_q_0x100003bf5,-716,False
func_q_0x1000041e3,1062,True
func_q_0x10000572f,847,False
func_q_0x1000057fc,237,True
func_q_0x100005802,1019,False
func_q_0x1000058b1,-788,True
func_q_0x1000058dd,383,True
func_q_0x10000596a,596,False
func_q_0x100005972,-257,False
func_q_0x100005976,739,False
func_q_0x100005ec2,-556,True
func_q_0x10000618d,957,False
func_q_0x100006190,-152,False
func_q_0x10000619c,-204,False
func_q_0x10000619e,-109,False
func_q_0x1000061b5,691,True
func_q_0x1000061b7,-110,True
func_q_0x1000061bb,407,False
func_q_0x1000061c1,-707,False
func_q_0x1000061ca,871,True
func_q_0x1000061cc,-464,True
func_q_0x1000061d2,510,True
func_q_0x10000681a,-242,False
func_q_0x100006a56,115,True
func_q_0x100006a58,144,True
func_q_0x100006f4f,1045,True
func_q_0x100006f59,-700,False
func_q_0x100006fa5,-502,True
func_q_0x100006fbc,1057,True
func_q_0x1000071db,-797,False
func_q_0x1000071eb,483,True
func_q_0x100007215,573,False
func_q_0x100007217,18,False
func_q_0x10000721b,856,False
func_q_0x1000073b5,63,True
func_q_0x1000073b9,-12,True
func_q_0x1000073db,727,False
func_q_0x1000074d9,238,False
func_q_0x1000075e5,492,True
func_q_0x100007613,-105,True
func_q_0x100007616,-95,True
func_q_0x100007618,-348,False
func_q_0x10000761a,893,False
func_q_0x10000761c,144,True
func_q_0x100007624,-314,False
func_q_0x100007717,164,True
func_q_0x100007df4,539,False
func_q_0x100007eac,-53,False
func_q_0x100008237,187,True
func_q_0x100008241,142,False
func_q_0x100008250,24,True
func_q_0x100008256,222,True
func_q_0x100008295,-672,True
func_q_0x10000835b,1107,True
func_q_0x100008386,113,True
func_q_0x100008e15,1015,True
func_q_0x100008e2c,499,False
func_q_0x100008e76,911,True
func_q_0x100009461,722,True
func_q_0x100009464,-260,False
func_q_0x10000946c,-188,True
func_q_0x100009472,-572,False
func_q_0x100009480,227,True
func_q_0x100009482,-149,False
func_q_0x100009596,-549,True
func_q_0x1000096c1,782,True
func_q_0x1000096c3,527,False
func_q_0x1000096c5,-699,True
func_q_0x1000097db,-29,True
func_q_0x1000099c0,557,False
func_q_0x1000099c7,119,True
func_q_0x1000099eb,-106,False
func_q_0x1000099ed,148,True
func_q_0x100009a69,368,True
func_q_0x100009f40,-812,False
func_q_0x10000a3c5,-421,False
func_q_0x10000a3c7,670,False
func_q_0x10000a3c9,257,True
func_q_0x10000a3cd,216,False
func_q_0x10000a60d,905,True
func_q_0x10000a711,-384,False
func_q_0x10000aa75,-438,True
func_q_0x10000aea4,729,True
func_q_0x10000aeee,-733,True
func_q_0x10000b3b0,969,True
func_q_0x10000b485,-234,False
func_q_0x10000b489,-594,False
func_q_0x10000b48f,-697,True
func_q_0x10000b5a1,-561,False
func_q_0x10000bf55,-728,False
func_q_0x10000bf57,181,True
func_q_0x10000c272,-194,False
func_q_0x10000c27a,152,True
func_q_0x10000c27e,136,False
func_q_0x10000c521,-602,False
func_qe_0x1000043df,80,True
func_qe_0x1000043e1,864,True
func_qe_0x1000043ec,987,False
func_qe_0x10000441c,-728,False
func_qe_0x100004426,-681,False
func_qe_0x10000443a,-548,True
func_qe_0x100004d8a,309,False
func_qe_0x100004d8c,-558,False
func_qe_0x100004d94,-105,False
func_qe_0x100004d9a,959,True
func_qe_0x100005d81,362,True
func_qe_0x100005da7,638,False
func_qe_0x1000069b3,686,False
func_qe_0x100007a92,799,False
func_qe_0x100008035,1055,False
func_qe_0x100008d26,-598,True
func_qe_0x100008d2e,1128,False
func_qe_0x100008d3a,-388,True
func_qe_0x100009384,-810,False
func_qe_0x1000093c7,-148,True
func_qe_0x1000093cc,848,True
func_qe_0x1000093fa,341,False
func_qe_0x1000093fd,1007,False
func_qe_0x100009c01,244,True
func_qe_0x100009c05,807,True
func_qe_0x10000a7e2,-195,True
func_qe_0x10000a7f2,-436,True
func_qe_0x10000c0b8,1071,False
func_qe_0x10000c0ba,1116,False
func_qn_0x1000035bd,264,True
func_qn_0x1000035c1,371,False
func_qn_0x1000035c3,1086,False
func_qn_0x1000035c5,-654,False
func_qn_0x10000aa14,158,True
func_qn_0x10000ad44,921,True
func_qo_0x10000858a,-590,True
func_qo_0x10000858e,-687,True
func_qo_0x10000887f,-659,True
func_qo_0x100008887,825,False
func_qt_0x1000033c7,41,False
func_qt_0x1000033cd,-718,True
func_qt_0x1000033d3,206,True
func_qt_0x1000033d9,-59,False
func_qt_0x1000033db,-80,True
func_qt_0x1000033dd,346,True
func_qt_0x1000033e1,1145,False
func_qt_0x1000033e6,52,False
func_qt_0x1000033ea,708,False
func_qt_0x1000033ec,-343,False
func_qt_0x1000033ee,602,True
func_qt_0x100003405,614,False
func_qt_0x100003409,595,False
func_qt_0x10000340f,506,False
func_qt_0x100003411,-639,False
func_qt_0x100003417,856,False
func_qt_0x1000034f6,-211,False
func_qt_0x100003500,-45,False
func_qt_0x10000350a,1143,False
func_qt_0x10000350e,-387,False
func_qt_0x100003510,974,False
func_qt_0x100003512,351,False
func_qt_0x10000351c,376,False
func_qt_0x100003520,-457,False
func_qt_0x100003524,-52,True
func_qt_0x100003528,721,False
func_qt_0x1000059c2,707,True
func_qt_0x100006759,174,True
func_qt_0x1000070df,-284,False
func_qt_0x100007141,766,False
func_qt_0x10000a96c,57,True
func_qt_0x10000b941,-717,True
func_qt_0x10000bc10,-257,True
func_qt_0x10000bc12,-792,False
func_qt_0x10000bc16,-73,False
func_qt_0x10000bc18,-21,True
func_qt_0x10000bc1e,-403,False
func_qt_0x10000c1c5,747,True
func_qt_0x10000c20c,986,False
func_qu_0x100003604,-166,True
func_qu_0x100003608,1019,True
func_qu_0x10000b090,-12,False
func_r_0x100000000,-562,True
func_r_0x100000002,738,True
func_r_0x100000015,-491,False
func_r_0x10000001d,43,True
func_r_0x100000074,405,True
func_r_0x1000000a3,-355,False
func_r_0x1000000b8,700,False
func_r_0x1000000f2,403,True
func_r_0x10000015d,837,True
func_r_0x100000189,432,True
func_r_0x100000197,698,True
func_r_0x10000019d,1003,False
func_r_0x10000025b,594,False
func_r_0x10000025f,1058,False
func_r_0x100000277,117,True
func_r_0x1000002c8,-752,True
func_r_0x10000033c,-718,True
func_r_0x100000372,-360,False
func_r_0x1000003b1,-745,True
func_r_0x1000003c6,539,False
func_r_0x1000003c9,907,False
func_r_0x1000003e1,727,True
func_r_0x1000003e7,142,True
func_r_0x1000003e9,933,False
func_r_0x1000003fd,-201,True
func_r_0x100000404,-600,True
func_r_0x10000042a,-478,False
func_r_0x10000043a,-111,False
func_r_0x10000043c,371,False
func_r_0x100000441,1020,True
func_r_0x10000044e,-185,False
func_r_0x100000465,-368,False
func_r_0x10000046b,-59,True
func_r_0x10000046d,-421,True
func_r_0x1000004a4,197,False
func_r_0x1000004a7,1126,True
func_r_0x1000004aa,678,True
func_r_0x1000004ad,-588,False
func_r_0x1000004b0,-737,False
func_r_0x1000004b3,162,False
func_r_0x1000004b9,-249,False
func_r_0x1000004cc,660,False
func_r_0x1000004cf,865,True
func_r_0x1000004e8,-815,False
func_r_0x1000004f2,1000,False
func_r_0x10000050a,-307,False
func_r_0x100000595,-38,False
func_r_0x1000005a4,-837,False
func_r_0x100000832,-347,True
func_r_0x100000893,76,False
func_r_0x100000895,80,True
func_r_0x1000008c7,-187,True
func_r_0x1000008d2,-536,True
func_r_0x1000008e6,-814,True
func_r_0x1000008ec,1135,True
func_r_0x1000008ee,-73,False
func_r_0x1000008f7,-277,True
func_r_0x100000916,-210,True
func_r_0x100000925,168,True
func_r_0x100000927,70,False
func_r_0x100000929,439,False
func_r_0x10000092b,795,False
func_r_0x10000094f,385,False
func_r_0x100003330,319,True
func_r_0x100003334,144,True
func_r_0x1000035ab,408,False
func_r_0x1000037de,-338,False
func_r_0x100003c55,551,False
func_r_0x100003c57,785,False
func_r_0x100003d44,-321,True
func_r_0x10000417c,-196,True
func_r_0x1000042ab,102,False
func_r_0x100004513,36,True
func_r_0x100004516,-798,True
func_r_0x100004518,28,True
func_r_0x10000451e,61,False
func_r_0x100004526,-738,False
func_r_0x10000452c,-64,True
func_r_0x100004537,278,True
func_r_0x10000453e,-334,False
func_r_0x100004541,-143,True
func_r_0x100004544,1121,True
func_r_0x100004549,1084,True
func_r_0x10000454f,-371,False
func_r_0x100004b25,698,False
func_r_0x100004b8e,-421,False
func_r_0x100004b97,262,False
func_r_0x100004c38,879,False
func_r_0x100004c9e,-348,False
func_r_0x1000051ea,-696,True
func_r_0x1000055f6,-352,True
func_r_0x100005638,54,True
func_r_0x10000564b,663,True
func_r_0x100005ad2,1147,True
func_r_0x100005ad9,531,False
func_r_0x100005ae6,990,True
func_r_0x100005af5,908,False
func_r_0x100005afc,-439,False
func_r_0x1000070e7,124,True
func_r_0x100007122,-321,True
func_r_0x100007192,-530,False
func_r_0x1000071a0,834,False
func_r_0x100007412,1068,True
func_r_0x1000074ee,119,True
func_r_0x1000079c2,-232,True
func_r_0x100007cd6,152,False
func_r_0x100008ab9,-471,False
func_r_0x100008abe,187,True
func_r_0x100008dbb,841,True
func_r_0x100009485,269,False
func_r_0x100009488,-590,False
func_r_0x1000094b4,260,False
func_r_0x1000094d8,-559,False
func_r_0x1000094e6,12,False
func_r_0x1000094f1,-422,False
func_r_0x1000094f5,851,False
func_r_0x1000094f9,-839,True
func_r_0x10000951b,760,False
func_r_0x100009aed,-618,True
func_r_0x100009afe,-805,True
func_r_0x100009b0d,-511,False
func_r_0x100009b56,428,True
func_r_0x100009b7c,1107,False
func_r_0x100009b7f,340,True
func_r_0x100009bb5,607,False
func_r_0x100009bbe,-410,True
func_r_0x100009db6,408,True
func_r_0x10000a0c9,-211,True
func_r_0x10000a0e3,349,False
func_r_0x10000a45f,388,True
func_r_0x10000a46a,22,False
func_r_0x10000a64d,-549,True
func_r_0x10000a944,-443,False
func_r_0x10000a971,-245,True
func_r_0x10000a9ef,-218,True
func_r_0x10000a9f5,55,True
func_r_0x10000aa2f,-153,True
func_r_0x10000aa44,-599,False
func_r_0x10000aa48,-576,False
func_r_0x10000aa4a,-368,False
func_r_0x10000abc8,476,True
func_r_0x10000abfb,-405,False
func_r_0x10000ac07,-109,False
func_r_0x10000ac27,865,False
func_r_0x10000b156,90,False
func_r_0x10000b193,1063,True
func_r_0x10000b812,425,True
func_r_0x10000b979,1146,True
func_r_0x10000b99a,170,False
func_r_0x10000b9d0,15,True
func_r_0x10000bc27,-144,False
func_r_0x10000bc3d,542,True
func_r_0x10000bd36,22,True
func_r_0x10000bd49,704,True
func_r_0x10000bf22,-352,True
func_r_0x10000c1ae,104,True
func_r_0x10000c1b4,-52,False
func_r_0x10000c1b8,696,False
func_r_0x10000c213,-247,False
func_re_0x100003829,-370,False
func_re_0x1000038cf,949,True
func_re_0x1000038ef,832,True
func_re_0x100003e72,-110,False
func_re_0x100003f58,-358,False
func_re_0x100003f7c,-543,False
func_re_0x100003f84,-654,True
func_re_0x100003f86,844,False
func_re_0x100003fc8,-37,False
func_re_0x100004104,9,True
func_re_0x100004165,624,True
func_re_0x1000042e4,745,False
func_re_0x1000042e7,-404,True
func_re_0x10000430c,201,False
func_re_0x100004319,-547,False
func_re_0x100004330,1048,False
func_re_0x100004332,-312,False
func_re_0x100004334,-332,False
func_re_0x100004336,-452,False
func_re_0x100004338,-684,True
func_re_0x10000433a,-585,False
func_re_0x10000433c,121,False
func_re_0x1000056ca,-433,False
func_re_0x1000056d6,-308,True
func_re_0x1000056d8,223,True
func_re_0x1000056ea,929,True
func_re_0x1000056f2,-408,False
func_re_0x1000056f5,-525,True
func_re_0x1000056fd,363,False
func_re_0x100005705,462,True
func_re_0x100005e76,-219,False
func_re_0x100006308,-739,False
func_re_0x10000630a,-321,False
func_re_0x10000630e,145,True
func_re_0x1000064fd,459,True
func_re_0x100006b4d,195,True
func_re_0x100006d2f,-149,False
func_re_0x100006d35,759,False
func_re_0x100006fa9,-609,False
func_re_0x100007001,-441,True
func_re_0x100007694,822,False
func_re_0x100007696,-636,True
func_re_0x10000769a,-770,True
func_re_0x10000769d,807,True
func_re_0x100007815,-309,True
func_re_0x10000781f,1109,True
func_re_0x100007bac,821,False
func_re_0x100008365,-429,False
func_re_0x100008ae3,898,False
func_re_0x100008b05,325,False
func_re_0x100008b07,1064,False
func_re_0x100008b1b,528,False
func_re_0x100008ecf,888,False
func_re_0x10000986d,232,False
func_re_0x100009a6d,856,True
func_re_0x100009ca5,-595,True
func_re_0x100009cc4,976,False
func_re_0x10000a4af,-771,True
func_re_0x10000a68e,-666,True
func_re_0x10000a816,873,False
func_re_0x10000a827,-357,False
func_re_0x10000a82d,625,False
func_re_0x10000a82f,311,False
func_re_0x10000a833,707,False
func_re_0x10000a8a8,599,False
func_re_0x10000a923,-281,False
func_re_0x10000aa9d,1005,False
func_re_0x10000aaa3,93,True
func_re_0x10000ab61,1010,False
func_re_0x10000ab6b,1091,True
func_re_0x10000acec,435,True
func_re_0x10000aeac,-60,False
func_re_0x10000b1f5,-604,True
func_re_0x10000b3e7,-772,False
func_re_0x10000b3f2,474,True
func_re_0x10000b409,610,True
func_re_0x10000b415,522,False
func_re_0x10000b41a,44,True
func_re_0x10000b453,1050,False
func_re_0x10000b455,830,True
func_re_0x10000b459,-436,False
func_re_0x10000b46e,-811,False
func_re_0x10000b470,-107,False
func_re_0x10000b496,446,False
func_re_0x10000b4b3,550,False
func_re_0x10000b587,1128,False
func_re_0x10000b58f,383,True
func_re_0x10000b593,402,True
func_re_0x10000c570,630,False
func_rn_0x1000005ef,644,False
func_rn_0x1000040c5,620,True
func_rn_0x1000040c9,-59,True
func_rn_0x1000040d1,1067,True
func_rn_0x10000bfcd,745,False
func_rn_0x10000bfd2,-489,True
func_rn_0x10000bfda,716,True
func_rn_0x10000bfe4,802,True
func_rn_0x10000bfe8,156,True
func_rn_0x10000bff2,907,False
func_rn_0x10000bff4,71,False
func_rn_0x10000bff8,554,True
func_rn_0x10000c00a,549,False
func_rn_0x10000c00e,800,False
func_rn_0x10000c014,-120,False
func_rn_0x10000c016,549,True
func_rn_0x10000c020,133,False
func_rn_0x10000c022,962,True
func_rn_0x10000c026,921,True
func_rn_0x10000c02c,772,False
func_rn_0x10000c038,675,False
func_rn_0x10000c03e,94,True
func_rn_0x10000c042,483,True
func_rn_0x10000c049,-136,False
func_rr_0x1000046e4,480,False
func_rr_0x1000046ee,-371,True
func_rr_0x1000046f0,326,True
func_rr_0x100004700,-155,True
func_rr_0x100004702,-276,False
func_rr_0x100004707,-33,True
func_rr_0x100004715,202,True
func_rr_0x10000471d,1117,True
func_rr_0x100004731,875,True
func_rr_0x100004735,122,True
func_rr_0x100004737,-11,False
func_rr_0x10000473b,782,False
func_rr_0x100004743,522,True
func_rr_0x100004747,1071,False
func_rr_0x100004751,1142,True
func_rr_0x100004757,620,False
func_rr_0x10000475d,-285,False
func_rr_0x100004761,947,True
func_rr_0x100004763,951,False
func_rr_0x100004765,-543,False
func_rr_0x100004767,-128,False
func_rr_0x10000476d,487,False
func_rr_0x10000476f,-127,False
func_rr_0x100004771,-792,True
func_rr_0x100004773,-610,True
func_rr_0x100004775,-663,True
func_rr_0x100004777,577,False
func_rr_0x100004779,-777,False
func_rr_0x10000477d,-731,True
func_rr_0x10000477f,981,False
func_rr_0x100004783,1076,False
func_rr_0x100004785,-620,False
func_rr_0x100004787,725,True
func_rr_0x100004789,779,False
func_rr_0x10000478b,-472,False
func_rr_0x10000478d,325,True
func_rr_0x100004793,789,False
func_rr_0x10000479b,458,False
func_rr_0x10000479d,-17,False
func_rr_0x1000047a1,596,False
func_rr_0x1000047a3,-312,False
func_rr_0x1000047a9,752,True
func_rr_0x1000047b1,-734,True
func_rr_0x1000047b5,-820,True
func_rr_0x1000047b9,619,True
func_rr_0x1000047bb,173,True
func_rr_0x1000047c1,488,False
func_rr_0x1000047c5,-731,True
func_rr_0x1000047d5,393,True
func_rr_0x1000047d7,-37,True
func_rr_0x1000047d9,-228,False
func_rr_0x1000047e3,-74,False
func_rr_0x1000047e9,-689,False
func_rr_0x1000047f3,-54,False
func_rr_0x1000047f5,-133,True
func_rr_0x1000047f7,-426,True
func_rr_0x1000047ff,-774,True
func_rr_0x100004803,116,False
func_rr_0x100004805,995,False
func_rr_0x10000480d,289,True
func_rr_0x10000480f,-71,True
func_rr_0x100004817,300,True
func_rr_0x10000481b,-87,False
func_rr_0x10000481f,535,True
func_rr_0x100004821,-216,False
func_rr_0x100004827,-469,False
func_rr_0x100004829,882,True
func_rr_0x10000482d,971,False
func_rr_0x10000482f,365,True
func_rr_0x100004833,-802,False
func_rr_0x100004841,63,False
func_rr_0x100004847,-823,True
func_rr_0x10000484b,191,False
func_rr_0x10000484d,517,True
func_rr_0x10000484f,1089,True
func_rr_0x100004855,573,True
func_rr_0x100004857,-187,True
func_rr_0x100004859,-491,False
func_rr_0x10000485b,657,True
func_rr_0x10000485f,450,True
func_rr_0x100004869,-628,False
func_rr_0x10000486b,37,False
func_rr_0x10000486d,-163,False
func_rr_0x10000486f,-305,False
func_rr_0x100004871,303,False
func_rr_0x10000487b,884,True
func_rr_0x10000487d,789,False
func_rr_0x100004885,152,False
func_rr_0x100004889,-67,True
func_rr_0x10000488b,129,True
func_rr_0x10000488f,714,False
func_rr_0x100004893,835,True
func_rr_0x10000489b,-549,True
func_rr_0x10000489d,670,True
func_rr_0x10000489f,665,False
func_rr_0x1000048a7,-236,True
func_rr_0x1000048a9,429,False
func_rr_0x1000048ad,760,True
func_rr_0x1000048b1,481,True
func_rr_0x1000048b3,755,False
func_rr_0x1000048b5,547,False
func_rr_0x1000048b7,645,False
func_rr_0x1000048b9,-843,False
func_rr_0x1000048bb,-482,False
func_rr_0x1000048c3,-487,False
func_rr_0x1000048cf,-818,False
func_rr_0x1000048d1,199,False
func_rr_0x1000048d3,-120,True
func_rr_0x1000048d9,836,True
func_rr_0x1000048db,1014,False
func_rr_0x1000048df,-759,False
func_rr_0x1000048e5,-820,True
func_rr_0x1000048e9,-628,True
func_rr_0x1000048ed,-201,False
func_rr_0x1000048ef,123,False
func_rr_0x1000048f7,395,True
func_rr_0x1000048fb,247,True
func_rr_0x1000048ff,194,True
func_rr_0x100004905,780,True
func_rr_0x100004907,-495,True
func_rr_0x10000490b,-355,True
func_rr_0x10000490d,682,False
func_rr_0x100004911,1045,True
func_rr_0x100004919,426,True
func_rr_0x10000491b,718,False
func_rr_0x10000491d,822,False
func_rr_0x100004923,-703,False
func_rr_0x100004927,589,False
func_rr_0x10000492d,-838,True
func_rr_0x100004933,-490,False
func_rr_0x10000493d,570,False
func_rr_0x10000493f,-672,False
func_rr_0x100004941,378,False
func_rr_0x100004945,848,True
func_rr_0x100004947,-285,True
func_rr_0x100004949,-727,False
func_rr_0x10000494b,-127,True
func_rr_0x10000494f,-366,True
func_rr_0x100004955,-371,False
func_rr_0x100004959,-10,True
func_rr_0x10000495b,1071,False
func_rr_0x10000495d,-14,False
func_rr_0x10000495f,663,False
func_rr_0x100004961,-636,False
func_rr_0x100004967,887,False
func_rr_0x100004969,-573,True
func_rr_0x100004973,1028,True
func_rr_0x10000497b,267,False
func_rr_0x100004981,180,True
func_rr_0x100004983,-372,True
func_rr_0x100004985,493,True
func_rr_0x100004989,572,False
func_rr_0x1000049a0,-835,False
func_rr_0x100004a49,1056,False
func_rr_0x100004a53,-728,False
func_rr_0x100004a55,-763,False
func_rt_0x1000043dd,806,False
func_rt_0x10000443c,1063,False
func_rt_0x100004d3b,244,False
func_rt_0x100004d88,-77,True
func_rt_0x100004d8e,82,False
func_rt_0x100004d9c,-471,True
func_rt_0x100004da1,-546,True
func_rt_0x100004de2,202,True
func_rt_0x100005d69,-8,False
func_rt_0x100005d7b,140,False
func_rt_0x100005d7f,-637,True
func_rt_0x100005d83,450,True
func_rt_0x100005d87,614,False
func_rt_0x100005d9b,80,True
func_rt_0x100005da1,-576,False
func_rt_0x100005dba,235,True
func_rt_0x1000069ed,591,False
func_rt_0x100007a66,880,False
func_rt_0x100008039,955,False
func_rt_0x10000803d,1136,False
func_rt_0x100008f5f,-163,False
func_rt_0x10000939f,-698,True
func_rt_0x1000093c5,704,False
func_rt_0x1000093e2,-324,False
func_rt_0x1000093e9,1043,False
func_rt_0x1000093eb,-603,False
func_rt_0x1000093f8,1097,True
func_rt_0x100009c03,-482,True
func_rt_0x100009c07,-296,False
func_rt_0x10000bcce,995,False
func_rt_0x10000bced,766,True
func_ru_0x100007fc1,952,True
func_s_0x1000000a6,86,True
func_s_0x1000000b2,-593,False
func_s_0x10000014c,-16,True
func_s_0x10000023b,-669,True
func_s_0x1000002c3,-717,True
func_s_0x1000002cb,304,True
func_s_0x10000031d,149,True
func_s_0x100000346,-149,True
func_s_0x10000034d,8,True
func_s_0x100000378,-390,False
func_s_0x10000038b,636,False
func_s_0x1000003f1,-531,True
func_s_0x100000408,-385,True
func_s_0x100000418,-517,False
func_s_0x100000443,97,False
func_s_0x10000047b,745,True
func_s_0x1000004c2,-87,True
func_s_0x1000004e3,-259,True
func_s_0x10000052b,814,False
func_s_0x10000053d,1134,True
func_s_0x10000054e,157,False
func_s_0x10000057e,-198,True
func_s_0x10000059c,240,False
func_s_0x1000005a1,-366,False
func_s_0x1000005b7,-701,False
func_s_0x10000084c,-531,True
func_s_0x100000881,574,True
func_s_0x1000008cc,1072,True
func_s_0x1000008fe,673,False
func_s_0x100000957,56,True
func_s_0x100003326,372,False
func_s_0x1000037e2,-376,True
func_s_0x1000038fc,-740,False
func_s_0x1000039bc,661,False
func_s_0x100003a30,300,False
func_s_0x100003a3e,-295,False
func_s_0x100003a9a,-625,True
func_s_0x100003aa3,58,True
func_s_0x100003afb,116,True
func_s_0x100003b9e,129,False
func_s_0x100003d21,1055,False
func_s_0x100003d2c,-177,True
func_s_0x100003d33,-182,True
func_s_0x100003eb8,-709,True
func_s_0x10000437e,288,True
func_s_0x10000456e,591,False
func_s_0x100004af3,863,True
func_s_0x100004ba1,584,True
func_s_0x100004c82,-242,True
func_s_0x100004cbd,-751,False
func_s_0x1000051e7,882,False
func_s_0x10000569c,446,True
func_s_0x1000058b7,39,False
func_s_0x1000059ad,-670,True
func_s_0x100005ae3,483,True
func_s_0x100005bcf,773,True
func_s_0x100005c2a,-558,True
func_s_0x100005c30,-424,True
func_s_0x100005c39,121,False
func_s_0x100005f12,-679,True
func_s_0x100005f32,-585,False
func_s_0x1000060ba,1116,True
func_s_0x10000658c,401,False
func_s_0x1000068c4,-479,False
func_s_0x1000068cb,483,False
func_s_0x1000068da,-439,False
func_s_0x1000068e2,215,True
func_s_0x1000068e8,733,False
func_s_0x100006a22,-582,True
func_s_0x100006a2b,1133,False
func_s_0x100006a36,-484,True
func_s_0x100006a42,263,True
func_s_0x100006a47,1114,False
func_s_0x100006a66,955,True
func_s_0x100006a6a,558,True
func_s_0x100006c4b,-16,False
func_s_0x100006f89,961,True
func_s_0x100006fd9,-754,True
func_s_0x100007380,1077,False
func_s_0x100007486,44,False
func_s_0x100007502,-226,True
func_s_0x100007849,838,False
func_s_0x100007851,243,True
func_s_0x1000079dc,1039,False
func_s_0x100007bdb,889,True
func_s_0x100007e7c,527,False
func_s_0x1000080bf,-163,True
func_s_0x1000081b7,977,False
func_s_0x1000084ae,543,True
func_s_0x1000084b4,772,True
func_s_0x100008567,650,False
func_s_0x100008831,-597,True
func_s_0x100008913,605,True
func_s_0x100008937,-269,False
func_s_0x1000089a1,-65,True
func_s_0x1000089d4,-255,True
func_s_0x100008a83,879,True
func_s_0x100008b1e,548,False
func_s_0x100008b22,1121,True
func_s_0x100008bba,586,False
func_s_0x100008ced,-410,True
func_s_0x1000090d0,488,True
func_s_0x1000090dc,810,True
func_s_0x10000917a,776,False
func_s_0x1000092ad,1118,True
func_s_0x10000958e,525,True
func_s_0x100009673,1028,True
func_s_0x1000096dd,-595,True
func_s_0x100009798,812,False
func_s_0x100009a15,1029,False
func_s_0x100009b3b,557,False
func_s_0x100009b52,-575,False
func_s_0x100009b5b,-259,True
func_s_0x100009b96,-642,True
func_s_0x100009bbb,1070,False
func_s_0x100009dc6,-353,True
func_s_0x100009e38,-472,True
func_s_0x100009e41,881,True
func_s_0x100009e4b,-376,False
func_s_0x100009e57,-712,True
func_s_0x100009e7e,250,False
func_s_0x100009e9f,1048,True
func_s_0x100009f0d,-198,False
func_s_0x100009f6f,-429,False
func_s_0x100009f81,734,True
func_s_0x100009f94,-93,False
func_s_0x10000a22f,-188,True
func_s_0x10000a396,1108,True
func_s_0x10000a482,667,True
func_s_0x10000a630,325,False
func_s_0x10000a652,-482,False
func_s_0x10000a663,978,False
func_s_0x10000a66b,107,False
func_s_0x10000a750,1145,True
func_s_0x10000abd3,1106,False
func_s_0x10000ac24,-508,False
func_s_0x10000af44,429,False
func_s_0x10000b476,-390,True
func_s_0x10000b89f,302,True
func_s_0x10000bc39,-10,True
func_s_0x10000c36b,-593,True
func_s_0x10000c710,-95,True
func_s_0x10000c71d,-780,False
func_s_0x10000c727,-129,False
func_se_0x100003e83,-397,False
func_se_0x100003e85,421,True
func_se_0x100003e89,714,False
func_se_0x100003e8d,899,True
func_se_0x100003e8f,140,False
func_se_0x100003e91,530,True
func_se_0x10000434e,1134,True
func_se_0x10000450e,0,True
func_se_0x10000579a,145,True
func_se_0x10000579c,402,True
func_se_0x1000057a2,482,True
func_se_0x1000057a8,131,True
func_se_0x1000057d1,656,False
func_se_0x1000057d9,-107,False
func_se_0x100005b0b,569,True
func_se_0x100005b13,534,True
func_se_0x100005b15,635,True
func_se_0x100005b27,545,True
func_se_0x100005b29,968,True
func_se_0x100005b2b,-57,False
func_se_0x100005ddd,301,False
func_se_0x100005e41,1115,False
func_se_0x100006b0a,-307,True
func_se_0x100006b10,6,False
func_se_0x100006b12,1086,True
func_se_0x100006b14,420,True
func_se_0x100006b18,1095,True
func_se_0x100006b28,119,False
func_se_0x1000079e8,772,True
func_se_0x100007f72,974,True
func_se_0x100008082,-98,True
func_se_0x100008088,529,False
func_se_0x10000808f,49,True
func_se_0x100009c2d,-422,True
func_se_0x100009c35,-372,False
func_se_0x100009c3f,520,False
func_se_0x100009c80,704,False
func_se_0x100009c82,164,False
func_se_0x10000a09f,529,False
func_se_0x10000a19c,-268,True
func_se_0x10000a1da,699,True
func_se_0x10000a1dc,852,False
func_se_0x10000a6de,-808,True
func_se_0x10000a6e0,-36,True
func_se_0x10000a6e4,-676,True
func_se_0x10000a6e6,-666,True
func_se_0x10000b5e8,553,False
func_se_0x10000b793,847,False
func_se_0x10000b832,-253,False
func_se_0x10000c61d,472,False
func_se_0x10000c61f,40,False
func_se_0x10000c621,-459,False
func_se_0x10000c696,-538,False
func_si_0x1000083a2,656,False
func_sr_0x1000046ec,-301,False
func_sr_0x1000046f2,382,True
func_sr_0x10000470d,128,True
func_sr_0x100004717,-179,True
func_sr_0x10000471f,1138,False
func_sr_0x10000496d,645,False
func_sr_0x10000496f,467,True
func_sr_0x100004990,369,False
func_sr_0x100004993,294,True
func_sr_0x1000049aa,777,False
func_sr_0x1000049ae,5,False
func_sr_0x100004a4d,411,False
func_sr_0x100004a4f,412,True
func_sr_0x100004a51,800,True
func_st_0x1000007c3,759,True
func_st_0x1000033d7,541,True
func_st_0x1000033e8,461,True
func_st_0x1000033f2,357,True
func_st_0x1000033f8,-681,False
func_st_0x100003415,-381,True
func_st_0x1000034f8,-496,False
func_st_0x100003508,-54,False
func_st_0x10000350c,-524,False
func_st_0x10000351a,465,False
func_st_0x100003522,1111,True
func_st_0x1000067ee,-397,True
func_st_0x1000067f8,292,True
func_st_0x100007123,-312,False
func_st_0x10000a966,1014,False
func_st_0x10000a96a,-515,False
func_st_0x10000aa33,215,True
func_st_0x10000b93f,-14,True
func_st_0x10000b95c,450,True
func_st_0x10000b960,-606,True
func_st_0x10000b962,663,False
func_st_0x10000b965,-234,False
func_st_0x10000b9a8,290,False
func_st_0x10000b9b6,805,True
func_st_0x10000bc14,787,True
func_su_0x100005309,639,False
func_su_0x10000530b,967,False
func_su_0x100005486,734,False
func_su_0x10000548e,-726,True
func_su_0x1000054c0,-467,True
func_su_0x1000054fc,-779,True
func_t_0x100004d62,-567,False
func_t_0x100004d64,767,False
func_t_0x100004d7a,101,True
func_t_0x100004d7c,-389,True
func_t_0x100004d84,857,False
func_t_0x10000639a,219,False
func_t_0x1000063d8,-708,False
func_t_0x100006bfc,-153,False
func_t_0x100006c48,-22,False
func_t_0x1000072fa,-199,False
func_t_0x10000732b,-560,False
func_t_0x100007a95,684,False
func_t_0x10000939a,459,False
func_t_0x1000093ad,683,False
func_t_0x1000093da,139,True
func_t_0x10000a2eb,1011,False
func_t_0x10000a508,-144,True
func_t_0x10000a562,-132,True
func_t_0x10000a5cd,-245,False
func_t_0x10000a5cf,-152,False
func_t_0x10000a5d3,872,True
func_t_0x10000a5e9,-542,False
func_t_0x10000a76a,123,False
func_t_0x10000a78f,135,True
func_t_0x10000bcd3,-839,False
func_t_0x10000bcd5,-84,False
func_t_0x10000bcd7,-768,True
func_t_0x10000bce7,-278,False
func_t_0x10000c0c0,268,False
func_te_0x100003340,957,False
func_te_0x100003342,1111,True
func_te_0x100003344,-468,False
func_te_0x100003350,935,False
func_te_0x100003576,1004,False
func_te_0x10000357c,408,False
func_te_0x10000357e,-373,True
func_te_0x100003580,555,False
func_te_0x10000358c,-565,True
func_te_0x100003590,208,True
func_te_0x100003598,874,False
func_te_0x10000359c,680,True
func_te_0x100003acf,-615,True
func_te_0x100003b23,67,False
func_te_0x100003b25,-270,False
func_te_0x100003b29,-184,False
func_te_0x100003b2b,395,False
func_te_0x10000430b,-547,False
func_te_0x100004318,945,False
func_te_0x100005735,1044,False
func_te_0x10000582a,-797,False
func_te_0x100005833,-185,False
func_te_0x100005836,427,True
func_te_0x100005862,-29,True
func_te_0x100005864,-667,False
func_te_0x100005ea1,647,False
func_te_0x100005ea7,831,True
func_te_0x100006284,212,False
func_te_0x100006b35,-213,True
func_te_0x100006b58,718,False
func_te_0x100006b5a,456,False
func_te_0x100006d9e,290,True
func_te_0x100006f55,-344,True
func_te_0x100006fe4,-344,False
func_te_0x100006ffe,-4,True
func_te_0x100007008,307,True
func_te_0x100007b38,871,True
func_te_0x100007b46,25,True
func_te_0x100007b48,995,False
func_te_0x100007b4a,153,False
func_te_0x100007b50,846,False
func_te_0x100007e5c,259,False
func_te_0x100008507,378,False
func_te_0x10000850b,508,True
func_te_0x10000850d,-643,False
func_te_0x10000850f,293,False
func_te_0x100008511,454,True
func_te_0x100008515,554,True
func_te_0x100008cd2,-616,True
func_te_0x100008e8f,1094,True
func_te_0x100008ecb,382,False
func_te_0x100008eeb,-452,False
func_te_0x100008f27,472,False
func_te_0x10000932e,829,True
func_te_0x1000095e0,-161,True
func_te_0x10000985e,-437,False
func_te_0x100009860,-626,False
func_te_0x10000986b,311,False
func_te_0x100009886,-654,False
func_te_0x1000099f2,487,False
func_te_0x10000a213,-69,True
func_te_0x10000a215,54,True
func_te_0x10000a689,811,True
func_te_0x10000a6a0,-366,True
func_te_0x10000a92e,603,False
func_te_0x10000ab39,965,False
func_te_0x10000ab3b,321,False
func_te_0x10000ab45,542,False
func_te_0x10000ab67,413,False
func_te_0x10000ab7d,-659,True
func_te_0x10000ac9b,522,False
func_te_0x10000acd2,611,False
func_te_0x10000afb9,1033,True
func_te_0x10000b5cf,497,True
func_te_0x10000bac1,656,True
func_te_0x10000bac7,1053,False
func_te_0x10000baca,-511,False
func_te_0x10000bacd,-543,True
func_te_0x10000bd61,839,True
func_te_0x10000c3d0,233,True
func_te_0x10000c57e,199,False
func_ti_0x100004a27,-305,True
func_tn_0x100006715,-514,False
func_tn_0x100006719,772,True
func_tn_0x10000671d,-755,True
func_tn_0x10000671f,439,True
func_tn_0x100006723,-204,True
func_tn_0x100006725,1030,False
func_tn_0x100006727,280,True
func_tn_0x10000672b,-324,False
func_tn_0x10000672d,601,False
func_tn_0x10000672f,387,False
func_tn_0x100006733,379,True
func_tn_0x100006737,211,True
func_tn_0x100006739,1047,False
func_tn_0x10000673d,-492,True
func_tn_0x10000673f,400,False
func_tn_0x100006745,327,False
func_tn_0x100006747,141,True
func_tn_0x100006749,772,True
func_tn_0x10000674b,-364,True
func_tn_0x100006753,-542,False
func_tn_0x100006757,502,False
func_tn_0x10000675d,836,True
func_tn_0x100006761,765,False
func_tn_0x100006763,-140,True
func_tn_0x100006765,-652,False
func_tn_0x10000676b,383,False
func_tn_0x10000676d,22,False
func_tn_0x100006773,-345,True
func_tn_0x100006775,354,True
func_tn_0x100006777,-851,False
func_tn_0x1000067e7,1074,False
func_tn_0x1000067eb,-362,True
func_tn_0x1000070e1,-364,True
func_tn_0x100007199,-126,False
func_tn_0x10000719b,-100,True
func_tn_0x10000a94e,685,False
func_tn_0x10000a963,-265,False
func_tn_0x10000b93c,513,False
func_tn_0x10000b99b,-779,False
func_tn_0x10000b9a6,1005,False
func_to_0x1000083c4,-793,False
func_tr_0x1000005e9,478,False
func_tr_0x100003c6d,570,True
func_tr_0x100004052,168,False
func_tr_0x10000405c,180,True
func_tr_0x100004060,632,True
func_tr_0x10000406d,730,False
func_tr_0x10000406f,90,False
func_tr_0x100004071,489,False
func_tr_0x100004075,256,True
func_tr_0x1000040b1,930,False
func_tr_0x1000040b7,669,False
func_tr_0x1000040b9,351,False
func_tr_0x1000040bf,218,False
func_tr_0x1000040c1,-845,True
func_tr_0x1000040c3,-669,False
func_tr_0x1000040cd,713,True
func_tr_0x1000040d3,764,False
func_tr_0x1000040d7,550,True
func_tr_0x10000a50b,-420,True
func_tr_0x10000a50d,548,False
func_tr_0x10000a54b,-311,True
func_tt_0x100005d9d,820,True
func_tt_0x100005dbc,-787,True
func_tt_0x1000069cd,728,True
func_tt_0x1000069d7,-367,False
func_tt_0x1000069db,88,True
func_tt_0x1000069df,-770,False
func_tt_0x1000069e1,1133,True
func_tt_0x1000069e5,-497,False
func_tt_0x1000069e7,750,True
func_tt_0x1000069e9,492,False
func_tt_0x1000069eb,1011,False
func_tt_0x100007a6f,688,False
func_tt_0x100008037,144,False
func_tt_0x1000091c0,658,False
func_tt_0x1000091c4,-471,True
func_tt_0x100009389,519,False
func_tt_0x100009400,598,True
func_tt_0x100009403,-381,False
func_tt_0x100009407,348,False
func_tt_0x100009412,1084,True
func_tt_0x100009bf4,192,False
func_tt_0x100009bf6,31,False
func_tt_0x100009bf8,541,False
func_tt_0x100009bfa,428,False
func_tt_0x100009c0b,882,True
func_tt_0x10000a2f2,155,False
func_tt_0x10000ba57,305,False
func_tt_0x10000bca2,-736,True
func_tt_0x10000bcb9,685,False
func_tt_0x10000bcc1,216,False
func_tt_0x10000bceb,638,True
func_tt_0x10000bcf3,-364,False
func_tt_0x10000bcf7,-593,True
func_tt_0x10000bd03,730,False
func_tt_0x10000bd05,90,False
func_tt_0x10000bd0f,584,False
func_tt_0x10000bde3,854,False
func_u0_0x100004724,-730,True
func_u_0x10000000c,844,True
func_u_0x100000030,325,True
func_u_0x10000007a,738,True
func_u_0x10000017b,549,True
func_u_0x10000022e,-39,True
func_u_0x100000258,1032,True
func_u_0x100000264,718,False
func_u_0x10000026b,701,False
func_u_0x10000026e,681,True
func_u_0x1000002b5,-109,True
func_u_0x1000002d1,-279,True
func_u_0x1000002d7,210,False
func_u_0x1000002f6,884,True
func_u_0x100000339,613,False
func_u_0x100000340,646,True
func_u_0x100000354,-189,True
func_u_0x100000360,711,False
func_u_0x100000369,-310,True
func_u_0x1000003c3,-74,False
func_u_0x1000003db,-543,False
func_u_0x1000003de,-127,False
func_u_0x100000401,451,False
func_u_0x10000040a,-700,True
func_u_0x100000413,-638,False
func_u_0x100000454,563,False
func_u_0x10000046f,1099,True
func_u_0x100000476,1066,False
func_u_0x1000004c8,916,True
func_u_0x1000004d2,931,True
func_u_0x1000004d6,401,False
func_u_0x1000004da,757,False
func_u_0x100000502,-465,True
func_u_0x100000515,848,True
func_u_0x100000523,-813,False
func_u_0x100000592,-593,False
func_u_0x1000005a8,423,False
func_u_0x1000005d7,-206,False
func_u_0x100000858,1136,False
func_u_0x100000860,-499,True
func_u_0x100000877,199,True
func_u_0x1000008b1,994,True
func_u_0x1000008c3,195,False
func_u_0x1000008ea,627,False
func_u_0x1000008f4,-721,False
func_u_0x1000008fa,218,False
func_u_0x100000903,-391,True
func_u_0x100000906,256,False
func_u_0x10000091c,361,True
func_u_0x10000091f,-53,False
func_u_0x10000092d,262,False
func_u_0x100003323,920,True
func_u_0x100003794,327,False
func_u_0x100003943,102,False
func_u_0x100003950,934,True
func_u_0x1000039ee,-262,False
func_u_0x100003a43,-750,False
func_u_0x100003ac8,1147,True
func_u_0x100003b08,-127,False
func_u_0x100003c1f,913,False
func_u_0x100003c30,700,False
func_u_0x100003c45,1098,True
func_u_0x100003d1c,-449,True
func_u_0x100003d3c,813,False
func_u_0x100003d46,-272,False
func_u_0x100003d5e,614,False
func_u_0x100003db8,884,False
func_u_0x100003e0f,-538,False
func_u_0x100003e1d,-134,False
func_u_0x100004ac4,-719,False
func_u_0x100004acf,-756,True
func_u_0x100004ae4,680,False
func_u_0x100004ae8,326,True
func_u_0x100004b1c,414,False
func_u_0x100004b8c,-410,True
func_u_0x100004c96,993,True
func_u_0x100004d35,313,False
func_u_0x1000051dd,848,False
func_u_0x100005691,766,False
func_u_0x100005709,-103,False
func_u_0x1000057e1,946,True
func_u_0x1000058d0,522,True
func_u_0x1000059a3,-120,False
func_u_0x100005add,-676,True
func_u_0x100005b96,256,True
func_u_0x100005bc0,932,True
func_u_0x100005cfc,143,False
func_u_0x100005d21,-252,True
func_u_0x100006041,-84,True
func_u_0x100006059,670,True
func_u_0x1000061b2,-822,False
func_u_0x100006304,420,True
func_u_0x10000683e,21,False
func_u_0x1000068de,790,False
func_u_0x1000068ec,-683,False
func_u_0x1000068f4,616,True
func_u_0x1000068fe,861,False
func_u_0x100006907,1013,False
func_u_0x10000690b,206,True
func_u_0x100006913,-790,False
func_u_0x10000692d,-345,False
func_u_0x100006a1c,-826,False
func_u_0x100006a62,-522,True
func_u_0x100006ab7,796,True
func_u_0x100006b48,489,True
func_u_0x100006cdf,73,False
func_u_0x1000071aa,178,False
func_u_0x10000727c,848,True
func_u_0x10000739b,94,True
func_u_0x1000073cc,-768,True
func_u_0x1000073f0,-649,False
func_u_0x100007521,724,False
func_u_0x100007527,-747,True
func_u_0x10000756f,-740,False
func_u_0x100007b34,-577,True
func_u_0x100007ccd,-849,False
func_u_0x100007dd5,376,True
func_u_0x1000082b0,735,True
func_u_0x10000891e,-49,False
func_u_0x100008928,-417,True
func_u_0x100008995,311,True
func_u_0x1000089a5,866,False
func_u_0x1000089c5,-444,False
func_u_0x1000089f5,611,True
func_u_0x100008a13,641,False
func_u_0x100008a42,11,False
func_u_0x100008a7f,-52,True
func_u_0x100008ad4,-203,False
func_u_0x100008b64,1087,False
func_u_0x100008bde,739,True
func_u_0x100008c5a,238,False
func_u_0x1000090cf,-733,True
func_u_0x1000094e9,-847,True
func_u_0x100009516,-460,True
func_u_0x100009689,-249,False
func_u_0x100009698,-492,False
func_u_0x1000096a3,-88,False
func_u_0x1000096a6,264,True
func_u_0x1000096ce,426,False
func_u_0x1000096d5,243,False
func_u_0x100009701,-426,True
func_u_0x10000977f,29,False
func_u_0x100009787,-410,False
func_u_0x100009834,815,False
func_u_0x100009838,-131,False
func_u_0x10000983f,169,False
func_u_0x1000098ca,719,False
func_u_0x100009992,279,False
func_u_0x1000099ae,794,True
func_u_0x1000099f9,-30,False
func_u_0x100009b10,-145,False
func_u_0x100009b36,-833,True
func_u_0x100009b46,698,False
func_u_0x100009b4d,-51,True
func_u_0x100009b5e,1053,True
func_u_0x100009b65,602,False
func_u_0x100009b82,1137,True
func_u_0x100009b87,-806,True
func_u_0x100009ba9,568,False
func_u_0x100009dba,-129,False
func_u_0x100009e05,858,False
func_u_0x100009f50,883,False
func_u_0x10000a253,-235,False
func_u_0x10000a256,35,True
func_u_0x10000a434,1071,False
func_u_0x10000a628,809,True
func_u_0x10000aabd,555,False
func_u_0x10000abcd,502,False
func_u_0x10000abef,961,False
func_u_0x10000ac18,-517,False
func_u_0x10000aeb9,-601,True
func_u_0x10000af5a,869,False
func_u_0x10000b528,293,False
func_u_0x10000b738,983,False
func_u_0x10000b801,447,False
func_u_0x10000b88a,-83,True
func_u_0x10000b8a3,-423,False
func_u_0x10000b8a8,309,True
func_u_0x10000b8bb,-55,True
func_u_0x10000ba7c,731,False
func_u_0x10000ba8a,738,False
func_u_0x10000bc2e,220,False
func_u_0x10000c720,647,False
func_u_0x10000c72c,-136,False
func_ue_0x100000200,710,True
func_ue_0x10000382e,-632,False
func_ue_0x100003838,-717,True
func_ue_0x100003dbf,-35,False
func_ue_0x100003dcd,273,True
func_ue_0x100003dcf,716,False
func_ue_0x100003dd4,967,False
func_ue_0x100003eab,649,True
func_ue_0x100003f6a,522,False
func_ue_0x100003fba,-229,True
func_ue_0x1000040fc,316,True
func_ue_0x10000415d,673,False
func_ue_0x100004a8d,-356,True
func_ue_0x100004e88,363,True
func_ue_0x100004e90,51,True
func_ue_0x100005b66,483,False
func_ue_0x100005b68,1131,True
func_ue_0x100005c15,-9,True
func_ue_0x100005c17,-126,True
func_ue_0x10000645a,-237,True
func_ue_0x10000645c,1096,True
func_ue_0x10000645e,-741,False
func_ue_0x100006464,1139,False
func_ue_0x100006efc,339,False
func_ue_0x100006eff,1024,False
func_ue_0x100006f12,-161,True
func_ue_0x100006f17,589,False
func_ue_0x100006f19,1021,False
func_ue_0x100006f3a,-380,True
func_ue_0x100007002,487,True
func_ue_0x100007596,301,False
func_ue_0x10000759a,335,False
func_ue_0x10000759c,-353,True
func_ue_0x1000075a8,18,True
func_ue_0x1000075aa,-524,True
func_ue_0x100007689,1091,True
func_ue_0x100007a1f,1028,False
func_ue_0x100007c35,888,True
func_ue_0x100008f1a,930,False
func_ue_0x100009863,-784,True
func_ue_0x10000a3e8,761,False
func_ue_0x10000a3ee,698,True
func_ue_0x10000a4ad,-440,False
func_ue_0x10000a825,617,True
func_ue_0x10000a8fe,973,True
func_ue_0x10000aaa7,292,True
func_ue_0x10000ab4e,550,True
func_ue_0x10000ab6c,-467,True
func_ue_0x10000ab70,-153,True
func_ue_0x10000aeb0,-223,False
func_ue_0x10000b282,1134,True
func_ue_0x10000b2ad,1005,False
func_ue_0x10000b2be,1019,True
func_ue_0x10000b2c0,266,True
func_ue_0x10000b2c4,153,False
func_ue_0x10000b30a,-282,True
func_ue_0x10000b40b,-519,False
func_ue_0x10000b40f,610,False
func_ue_0x10000b412,171,True
func_ue_0x10000b4f0,-623,False
func_ue_0x10000b4f2,129,False
func_ue_0x10000b4f4,226,False
func_ue_0x10000b504,1131,True
func_ue_0x10000b511,-322,False
func_ue_0x10000b513,979,True
func_ue_0x10000b517,-444,False
func_ue_0x10000b51b,-368,True
func_ue_0x10000b59b,-786,False
func_ue_0x10000b5ec,1019,True
func_ue_0x10000b679,202,True
func_ue_0x10000b780,386,False
func_ue_0x10000b785,-297,True
func_ue_0x10000b789,882,False
func_ue_0x10000ba19,993,True
func_ue_0x10000ba1f,766,False
func_ue_0x10000ba23,-479,False
func_ue_0x10000ba60,202,True
func_ue_0x10000c3e0,-512,False
func_ue_0x10000c4d3,164,False
func_ue_0x10000c4db,-562,True
func_ui_0x1000052ec,-586,True
func_ui_0x1000052f2,622,False
func_ui_0x100005487,-648,False
func_ui_0x1000054b1,36,False
func_ui_0x100005575,-467,True
func_ui_0x100005577,-744,False
func_un_0x1000035b6,-265,True
func_un_0x1000065ec,1132,False
func_un_0x1000065ee,1093,True
func_un_0x1000065f4,387,True
func_un_0x100006782,994,True
func_un_0x10000678c,-225,True
func_un_0x10000c19f,-397,False
func_un_0x10000c1a1,-830,False
func_unknown_0x10000029c,-680,False
func_unknown_0x1000037c7,839,False
func_unknown_0x1000039d2,-383,True
func_unknown_0x1000039d8,809,False
func_unknown_0x1000039f6,895,True
func_unknown_0x1000039fc,-152,False
func_unknown_0x100003a71,321,False
func_unknown_0x100003a74,-49,True
func_unknown_0x100003a89,607,False
func_unknown_0x100003b7b,420,False
func_unknown_0x100003fcb,-256,False
func_unknown_0x1000041b9,532,True
func_unknown_0x1000041bb,-802,True
func_unknown_0x1000041cb,-212,False
func_unknown_0x1000041f9,-208,True
func_unknown_0x100004209,-574,False
func_unknown_0x100004b43,-197,False
func_unknown_0x100004caf,1072,True
func_unknown_0x100004cba,-353,True
func_unknown_0x100004e01,-789,True
func_unknown_0x100004e03,-748,False
func_unknown_0x100004e05,289,True
func_unknown_0x100004e07,-246,False
func_unknown_0x100004e0b,996,True
func_unknown_0x1000056ad,-458,True
func_unknown_0x100005740,-473,False
func_unknown_0x100005f81,594,True
func_unknown_0x100005fbb,616,True
func_unknown_0x1000061b4,603,True
func_unknown_0x10000627c,677,False
func_unknown_0x1000064c3,1052,False
func_unknown_0x1000068a0,-779,False
func_unknown_0x100006a55,59,True
func_unknown_0x100006d11,-662,False
func_unknown_0x100006d18,-9,False
func_unknown_0x100006d1d,-402,False
func_unknown_0x100006d1f,574,True
func_unknown_0x100006d25,911,True
func_unknown_0x100006fb9,548,False
func_unknown_0x100007048,-529,True
func_unknown_0x1000075bc,857,True
func_unknown_0x1000075be,969,True
func_unknown_0x1000075c0,1125,True
func_unknown_0x1000075c3,958,True
func_unknown_0x1000075c7,-116,False
func_unknown_0x1000075c9,436,True
func_unknown_0x1000075cb,849,True
func_unknown_0x1000075cf,-797,True
func_unknown_0x100007b7b,1138,False
func_unknown_0x100007b7d,1056,False
func_unknown_0x100008215,291,False
func_unknown_0x10000854d,937,False
func_unknown_0x100008554,242,False
func_unknown_0x100008556,-452,False
func_unknown_0x100008f45,726,False
func_unknown_0x10000911a,-63,False
func_unknown_0x100009264,442,True
func_unknown_0x100009270,779,True
func_unknown_0x100009440,-306,False
func_unknown_0x10000959e,-420,True
func_unknown_0x100009919,-831,False
func_unknown_0x1000099c2,-178,True
func_unknown_0x100009a38,756,False
func_unknown_0x100009cff,927,False
func_unknown_0x100009d09,839,True
func_unknown_0x10000a00a,-63,True
func_unknown_0x10000a44b,1101,True
func_unknown_0x10000a6f7,-17,True
func_unknown_0x10000a6f9,-293,False
func_unknown_0x10000a809,547,True
func_unknown_0x10000a813,800,True
func_unknown_0x10000a91d,969,True
func_unknown_0x10000af2a,26,False
func_unknown_0x10000af2e,1072,True
func_unknown_0x10000b556,339,True
func_unknown_0x10000b618,833,False
func_unknown_0x10000b61c,1026,False
func_unknown_0x10000b7e8,1084,False
func_unknown_0x10000bf87,570,True
func_unknown_0x10000bf89,70,False
func_unknown_0x10000bf8b,969,True
func_unknown_0x10000c4e4,-76,False
func_unknown_0x10000c64f,-214,True
func_unknown_0x10000c66d,600,False
func_uo_0x100008458,625,True
func_ur_0x100005317,854,False
func_ur_0x100005345,170,False
func_ur_0x10000534f,-53,True
func_ur_0x100005351,338,False
func_ur_0x100005364,-416,False
func_ur_0x100005380,921,False
func_ur_0x100005393,-800,False
func_ur_0x10000539b,-155,True
func_ur_0x1000053a7,1147,True
func_ur_0x1000053a9,7,True
func_ur_0x1000053ad,670,True
func_ur_0x1000053b7,501,True
func_ur_0x1000053b9,-669,True
func_ur_0x1000053f1,872,True
func_ur_0x1000053fd,-210,False
func_ur_0x1000053ff,252,False
func_ur_0x100005407,661,True
func_ur_0x100005409,-299,False
func_ur_0x100005413,-620,True
func_ur_0x100005419,-786,True
func_ur_0x10000541e,-35,False
func_ur_0x100005425,-85,False
func_ur_0x100005429,747,False
func_ur_0x10000543d,1038,False
func_ur_0x10000544e,252,False
func_ur_0x100005479,373,False
func_ur_0x10000547d,-764,False
func_ur_0x10000547f,-468,True
func_ur_0x100005495,-174,True
func_ur_0x1000054e6,809,False
func_ur_0x1000054e8,658,False
func_ur_0x1000054ef,-39,False
func_ur_0x100005534,-809,True
func_ur_0x100005536,1049,True
func_ur_0x100005538,-197,True
func_ur_0x10000553a,245,True
func_ur_0x10000554c,578,False
func_ur_0x100005558,533,True
func_ur_0x10000555d,66,False
func_ur_0x1000055a4,930,True
func_ut_0x100004d3d,-629,True
func_ut_0x1000060e0,403,True
func_ut_0x1000060e2,763,True
func_ut_0x1000060e4,-343,False
func_ut_0x1000060ec,-274,True
func_ut_0x1000060f0,1064,False
func_ut_0x1000060fc,403,False
func_ut_0x1000063a0,-45,True
func_ut_0x1000063ac,-807,True
func_ut_0x1000063b2,148,False
func_ut_0x1000063b8,619,True
func_ut_0x1000063ba,339,True
func_ut_0x1000063be,1000,True
func_ut_0x1000063c4,824,False
func_ut_0x1000063c6,-569,True
func_ut_0x1000063c8,-432,True
func_ut_0x1000063ca,413,False
func_ut_0x1000063d0,-58,True
func_ut_0x100006bc2,-136,False
func_ut_0x100006bd0,513,False
func_ut_0x100006bda,-283,False
func_ut_0x100006be0,-228,False
func_ut_0x100006c10,-725,True
func_ut_0x100006c18,-515,True
func_ut_0x100006c2a,-166,True
func_ut_0x100006c2e,709,True
func_ut_0x100006c32,-33,False
func_ut_0x100006c38,671,False
func_ut_0x100006c3e,-392,True
func_ut_0x100007290,-494,False
func_ut_0x1000072f2,-137,True
func_ut_0x10000730e,-530,False
func_ut_0x100007316,431,False
func_ut_0x1000093a8,1018,False
func_ut_0x1000093c9,847,True
func_ut_0x1000093f2,468,False
func_ut_0x10000a5bb,733,False
func_ut_0x10000a778,96,False
func_ut_0x10000ba4e,-483,True
func_ut_0x10000bdda,-307,False
func_ut_0x10000bddc,277,False
func_ut_0x10000bea0,549,True
func_uu_0x100008579,667,False
func_uu_0x100008792,-147,False
func_uu_0x100008808,13,True
func_uu_0x1000088a8,612,True
func_v_0x100000105,644,True
func_v_0x10000010c,179,True
func_v_0x100000110,467,True
func_v_0x100000112,257,True
func_v_0x10000012b,-493,False
func_v_0x10000013e,1018,True
func_v_0x100000144,422,True
func_v_0x100000289,-176,True
func_v_0x10000028b,1102,True
func_v_0x10000028d,1045,False
func_v_0x10000028f,1039,True
func_v_0x10000333b,-849,False
func_v_0x100003383,1088,False
func_v_0x100003387,-724,False
func_v_0x100003b57,803,True
func_v_0x100003db5,-432,True
func_v_0x100003e24,-827,True
func_v_0x100003f16,-411,False
func_v_0x1000041f2,935,False
func_v_0x100004201,-540,False
func_v_0x10000424a,291,False
func_v_0x10000428c,331,True
func_v_0x100004b4d,620,True
func_v_0x100004b76,-825,False
func_v_0x1000058f7,-313,True
func_v_0x10000593b,337,False
func_v_0x100005bac,1123,False
func_v_0x100005bae,-142,True
func_v_0x100005bb0,-838,False
func_v_0x100005bb2,656,True
func_v_0x100005bb4,872,False
func_v_0x100005bbb,255,False
func_v_0x100005bbd,1053,True
func_v_0x100005d11,325,True
func_v_0x100005eed,464,True
func_v_0x100005f80,-615,True
func_v_0x100005faf,825,False
func_v_0x100005fb2,-370,True
func_v_0x100006469,86,True
func_v_0x10000646f,-294,True
func_v_0x1000064c7,656,False
func_v_0x100006ab0,-526,False
func_v_0x1000073ae,38,False
func_v_0x100007472,1107,True
func_v_0x1000074c2,-834,True
func_v_0x100007519,-44,True
func_v_0x100007540,1023,False
func_v_0x10000798c,-515,False
func_v_0x100007a44,-779,True
func_v_0x100007a48,-655,False
func_v_0x100007be1,414,True
func_v_0x100007c13,897,False
func_v_0x100007c1d,-676,False
func_v_0x100007d8f,-713,False
func_v_0x100007e9b,-740,False
func_v_0x100007e9d,-139,False
func_v_0x100007ea1,932,True
func_v_0x100007ea6,559,True
func_v_0x100007ea8,-564,True
func_v_0x100007eb8,-378,False
func_v_0x1000081c7,932,True
func_v_0x1000081c9,448,True
func_v_0x1000081cb,191,True
func_v_0x10000823f,452,True
func_v_0x100008285,-602,False
func_v_0x1000084d7,-572,True
func_v_0x100008518,-210,True
func_v_0x10000851a,1144,True
func_v_0x10000851c,1105,True
func_v_0x100008b37,-282,True
func_v_0x100008bf4,482,True
func_v_0x100008c23,1117,True
func_v_0x100008ffe,740,True
func_v_0x100009000,416,True
func_v_0x100009006,-140,True
func_v_0x100009008,1057,False
func_v_0x10000900a,-669,False
func_v_0x10000900c,449,False
func_v_0x100009010,-715,True
func_v_0x10000904e,-672,True
func_v_0x1000090c6,778,False
func_v_0x100009142,1037,True
func_v_0x100009151,-692,True
func_v_0x100009284,498,True
func_v_0x100009286,194,True
func_v_0x10000928e,65,False
func_v_0x10000929b,-796,True
func_v_0x100009446,781,True
func_v_0x1000095eb,-129,False
func_v_0x1000095ed,-600,False
func_v_0x1000095f2,479,False
func_v_0x1000096c0,-732,False
func_v_0x100009a36,766,True
func_v_0x100009a46,-218,False
func_v_0x100009aba,-442,True
func_v_0x100009d0f,-768,True
func_v_0x100009d11,448,True
func_v_0x100009d13,89,False
func_v_0x100009d1a,907,False
func_v_0x100009e2e,1031,True
func_v_0x100009f25,504,False
func_v_0x100009fbd,592,True
func_v_0x100009ff2,-275,False
func_v_0x10000a006,560,True
func_v_0x10000a008,969,True
func_v_0x10000a128,874,False
func_v_0x10000a1e9,-798,False
func_v_0x10000a6f4,-731,False
func_v_0x10000a717,-512,False
func_v_0x10000a719,-233,True
func_v_0x10000b372,-246,True
func_v_0x10000b5cd,414,True
func_v_0x10000bb39,-303,False
func_v_0x10000bef3,-395,True
func_v_0x10000c4a7,-543,True
func_v_0x10000c591,255,False
func_ve_0x1000043d9,-163,True
func_ve_0x100004d69,-184,False
func_ve_0x100004d6f,861,False
func_ve_0x1000060dd,-818,True
func_ve_0x100007287,729,True
func_ve_0x10000728b,825,True
func_ve_0x1000072e3,557,False
func_ve_0x1000072f0,523,True
func_ve_0x100007a64,-300,True
func_ve_0x100007a68,-134,True
func_ve_0x100008f99,-767,True
func_ve_0x100008f9d,546,True
func_ve_0x100008f9f,444,False
func_ve_0x100008fa3,-4,False
func_ve_0x100008fa9,-567,True
func_ve_0x100008fad,-554,False
func_ve_0x100008faf,356,True
func_ve_0x100008fb1,443,True
func_ve_0x100008fb7,-427,True
func_ve_0x100008fb9,-265,True
func_ve_0x100008fc3,123,False
func_ve_0x100008fc7,679,False
func_ve_0x100008fd1,-402,False
func_ve_0x100008fd3,485,True
func_ve_0x100008fd5,-848,False
func_ve_0x100008fe0,644,True
func_ve_0x100008fe2,807,True
func_ve_0x100008fea,383,False
func_ve_0x1000091cc,-615,False
func_ve_0x1000091d0,459,False
func_ve_0x1000091ed,-813,False
func_ve_0x1000091ef,608,False
func_ve_0x1000091f3,1133,True
func_ve_0x1000091f5,526,True
func_ve_0x1000093b3,51,False
func_ve_0x100009d63,899,False
func_ve_0x100009d6d,727,False
func_ve_0x100009d7b,-601,False
func_ve_0x100009d7d,-55,True
func_ve_0x100009d83,630,False
func_ve_0x10000a291,-830,False
func_ve_0x10000a784,-357,False
func_ve_0x10000a792,724,True
func_ve_0x10000a7d4,856,False
func_ve_0x10000a7d7,-541,False
func_ve_0x10000bd1a,-424,True
func_ve_0x10000bdd7,275,False
func_ve_0x10000be97,930,False
func_ve_0x10000be99,-519,False
func_ve_0x10000be9b,-729,True
func_ve_0x10000bea3,203,True
func_ve_0x10000bead,473,True
func_ve_0x10000beb4,-567,True
func_ve_0x10000beb6,680,False
func_ve_0x10000beb8,-634,True
func_ve_0x10000bebd,-626,True
func_ve_0x10000bec0,-653,True
func_ve_0x10000bec3,596,False
func_ve_0x10000bed9,-833,False
func_ve_0x10000bee0,27,True
func_ve_0x10000bee4,1133,True
func_vi_0x100008668,-462,True
func_vi_0x1000087e6,403,False
func_vi_0x1000088a5,136,False
func_vn_0x1000046dc,-268,True
func_vr_0x100007fb6,-474,False
func_vr_0x100007fbc,247,False
func_vr_0x100007fe1,94,True
func_vr_0x100007fe7,-20,False
func_vr_0x100007fe9,-225,False
func_vr_0x100007feb,155,True
func_vr_0x100007fed,838,False
func_vr_0x100007fef,-160,True
func_vr_0x100007ff1,-174,True
func_vr_0x100007ff5,-690,True
func_vr_0x100007ff7,-402,True
func_vr_0x100007ff9,-353,True
func_vr_0x100007ffb,1002,True
func_vr_0x100007ffd,-529,True
func_vr_0x100008007,110,False
func_vr_0x10000800b,-604,True
func_vr_0x10000800f,989,False
func_vr_0x100008011,856,False
func_vr_0x100008015,1062,False
func_vr_0x100008017,844,False
func_vr_0x100008023,1105,True
func_vr_0x100008027,-246,True
func_vs_0x100004a3d,175,True
func_vs_0x100004a41,-294,True
func_vs_0x100004a43,-503,False
func_vt_0x1000070ea,-136,False
func_vt_0x10000a948,-361,True
func_vt_0x10000a956,-177,False
func_vt_0x10000a95a,-459,True
func_vt_0x10000a95e,538,False
func_vt_0x10000a975,220,False
func_vt_0x10000a977,721,True
func_vt_0x10000a97d,-750,True
func_vt_0x10000a9e9,-535,False
func_vt_0x10000a9f9,694,False
func_vt_0x10000b9cd,443,False
func_vt_0x10000c1b0,225,True
func_vt_0x10000c1b6,-740,True
func_vt_0x10000c1fb,-713,False
func_vt_0x10000c203,-585,False
func_vt_0x10000c207,-696,True
func_vt_0x10000c209,-433,False
func_w_0x10000012c,-339,False
func_w_0x1000001c1,1050,False
func_w_0x1000037c5,-388,True
func_w_0x1000039a3,598,True
func_w_0x1000039f8,893,False
func_w_0x1000039fe,968,True
func_w_0x100003bb8,740,True
func_w_0x1000041bd,104,False
func_w_0x10000420d,1,True
func_w_0x10000423c,162,True
func_w_0x100004383,141,False
func_w_0x1000043a1,-546,False
func_w_0x10000574c,-570,False
func_w_0x1000058da,664,True
func_w_0x100005b9e,-593,False
func_w_0x100005f85,-254,False
func_w_0x100005f87,1090,True
func_w_0x100005f8d,760,False
func_w_0x100005f8f,517,True
func_w_0x100005fa5,745,True
func_w_0x10000627b,-849,False
func_w_0x1000064a5,-481,False
func_w_0x1000065a1,-42,True
func_w_0x100006d21,627,True
func_w_0x100006d23,-69,False
func_w_0x10000741f,275,True
func_w_0x10000751b,588,False
func_w_0x1000075b9,-457,True
func_w_0x1000075c5,-435,False
func_w_0x1000075cd,-357,True
func_w_0x1000079a6,930,True
func_w_0x1000079b2,-660,False
func_w_0x100007b79,-536,True
func_w_0x100007be5,1123,False
func_w_0x100007bf0,-546,True
func_w_0x100007bf6,-131,True
func_w_0x100007c0d,123,False
func_w_0x100007c0f,682,True
func_w_0x100007c15,678,True
func_w_0x100007c18,-548,False
func_w_0x100007c23,1122,True
func_w_0x100007d73,-769,True
func_w_0x100007d8a,-753,True
func_w_0x100007d8d,-217,True
func_w_0x1000081a8,464,False
func_w_0x1000081c0,638,True
func_w_0x1000081c3,-576,False
func_w_0x1000084fa,1066,True
func_w_0x100008521,1137,True
func_w_0x100008552,519,False
func_w_0x100008b42,1062,True
func_w_0x100008c41,-357,False
func_w_0x100008f5a,-838,False
func_w_0x100009002,928,False
func_w_0x1000090b3,968,False
func_w_0x1000090c1,934,False
func_w_0x10000910e,900,False
func_w_0x10000923f,-28,False
func_w_0x100009241,1010,False
func_w_0x100009243,-216,False
func_w_0x100009245,398,False
func_w_0x100009256,-479,False
func_w_0x10000925a,14,True
func_w_0x10000925e,-744,False
func_w_0x10000943a,775,True
func_w_0x10000943c,913,False
func_w_0x100009444,-513,False
func_w_0x100009974,898,True
func_w_0x100009cfd,732,True
func_w_0x100009d01,-135,False
func_w_0x100009d03,878,False
func_w_0x100009d05,555,False
func_w_0x10000a01e,-242,False
func_w_0x10000a12a,-71,False
func_w_0x10000a1ef,283,False
func_w_0x10000a1f1,-412,False
func_w_0x10000a267,55,True
func_w_0x10000a445,-737,True
func_w_0x10000a447,-239,False
func_w_0x10000a449,5,True
func_w_0x10000a44d,767,True
func_w_0x10000a7fc,516,True
func_w_0x10000a80b,-136,False
func_w_0x10000a80d,511,True
func_w_0x10000a80f,-175,True
func_w_0x10000a811,37,True
func_w_0x10000aa55,19,True
func_w_0x10000acc6,-36,True
func_w_0x10000af28,1113,False
func_w_0x10000af2c,-60,True
func_w_0x10000af30,258,True
func_w_0x10000b430,-553,False
func_w_0x10000b7cd,-812,False
func_w_0x10000b7cf,-235,False
func_w_0x10000b7d1,-625,True
func_w_0x10000bf36,1064,True
func_w_0x10000bf48,517,False
func_w_0x10000bf4a,701,True
func_w_0x10000c66f,921,False
func_w_0x10000c671,492,True
func_w_0x10000c673,277,False
func_we_0x100004486,605,False
func_we_0x100004488,-774,True
func_we_0x10000448a,-452,False
func_we_0x1000044f5,-774,False
func_we_0x1000044fc,149,True
func_we_0x100005790,9,False
func_we_0x1000057c2,547,False
func_we_0x100005c53,-45,False
func_we_0x100005cd8,-439,True
func_we_0x100005d8f,628,True
func_we_0x100005d91,-777,False
func_we_0x100005e5b,448,False
func_we_0x100005e5f,-619,False
func_we_0x10000610c,-607,False
func_we_0x100006110,-417,False
func_we_0x100006112,423,False
func_we_0x10000612e,-369,False
func_we_0x100006180,478,True
func_we_0x100006202,-828,False
func_we_0x10000699c,982,True
func_we_0x100006ae2,-826,False
func_we_0x10000920a,802,False
func_we_0x10000920c,-533,True
func_we_0x100009212,193,True
func_we_0x100009216,634,True
func_we_0x100009218,1040,False
func_we_0x100009220,-387,True
func_we_0x100009224,-539,True
func_we_0x100009226,336,True
func_we_0x100009228,912,True
func_we_0x100009c37,-2,True
func_we_0x10000a0a8,348,False
func_we_0x10000a0ac,-16,False
func_we_0x10000a0ae,71,True
func_we_0x10000a0b8,-588,False
func_we_0x10000a775,-790,False
func_we_0x10000ab81,348,False
func_we_0x10000b7a5,523,True
func_we_0x10000c071,-837,True
func_we_0x10000c075,385,True
func_we_0x10000c07a,550,True
func_we_0x10000c07c,-511,False
func_we_0x10000c080,-579,False
func_we_0x10000c086,749,False
func_we_0x10000c088,16,True
func_we_0x10000c08a,137,True
func_we_0x10000c08e,423,True
func_we_0x10000c09c,316,True
func_we_0x10000c09e,-636,False
func_we_0x10000c0a0,-296,True
func_we_0x10000c0a8,-499,False
func_we_0x10000c0af,-830,False
func_we_0x10000c0b1,988,True
func_we_0x10000c639,211,True
func_we_0x10000c67e,790,True
func_wi_0x100006db7,649,False
func_wn_0x1000049b4,247,True
func_wn_0x1000049ba,-612,False
func_wn_0x1000049bc,1050,False
func_wn_0x1000049c0,-256,False
func_wn_0x1000049c6,-442,True
func_wn_0x1000049c8,-408,True
func_wn_0x1000049ce,502,False
func_wn_0x1000049d0,22,False
func_wn_0x1000049d2,365,False
func_wn_0x1000049d4,932,True
func_wn_0x1000049d8,953,True
func_wn_0x1000049e0,-369,False
func_wn_0x1000049e4,-155,True
func_wn_0x1000049ec,694,False
func_wn_0x1000049f8,689,True
func_wn_0x1000049fa,896,False
func_wn_0x1000049fc,229,True
func_wn_0x100004a06,-310,False
func_wn_0x100004a08,403,False
func_wn_0x100004a0a,-335,False
func_wn_0x100004a0e,907,True
func_wn_0x100004a18,-690,False
func_wn_0x100004a1c,-744,False
func_wn_0x100004a20,215,True
func_wn_0x100004a22,573,True
func_wn_0x100004a25,853,True
func_wn_0x100004a2e,176,True
func_wn_0x100004a32,-803,True
func_wn_0x100004a34,119,False
func_wr_0x100005032,26,True
func_wr_0x10000504b,-670,False
func_wr_0x100005053,-185,False
func_wr_0x10000505f,-600,False
func_wr_0x100005065,704,False
func_wr_0x100005071,814,True
func_wr_0x100005083,855,False
func_wr_0x100005085,1090,False
func_wr_0x10000509f,681,False
func_wr_0x1000050a5,162,True
func_wr_0x1000050c7,490,False
func_wr_0x1000050e1,18,False
func_wr_0x1000050ef,202,False
func_wr_0x100005140,-539,True
func_wr_0x100005158,692,False
func_wr_0x10000518c,744,False
func_wr_0x100005525,366,True
func_wt_0x1000007cb,968,False
func_wt_0x1000007cf,1084,False
func_wt_0x1000033c9,753,False
func_wt_0x1000033f6,1038,False
func_wt_0x1000033fc,251,True
func_wt_0x1000033fe,142,False
func_wt_0x100005a23,367,True
func_wt_0x100005a25,-356,False
func_wt_0x100005a47,-322,True
func_wt_0x100005a4b,-571,True
func_wt_0x100005a4f,-407,False
func_wt_0x100005a51,709,True
func_wt_0x100005a53,-510,True
func_wt_0x100005a55,522,False
func_wt_0x100005a5b,508,True
func_wt_0x100005a5f,-91,True
func_wt_0x100005a63,865,True
func_wt_0x100005a6b,533,False
func_wt_0x1000067df,367,True
func_wt_0x10000b93d,-397,False
func_wt_0x10000b95e,0,False
func_wt_0x10000b981,414,True
func_wt_0x10000c1c9,-59,True
func_wu_0x1000054bf,702,False
func_wu_0x100005594,845,True
func_x_0x10000016a,849,True
func_x_0x1000002be,-563,True
func_x_0x1000002db,-148,False
func_x_0x1000003a1,-761,False
func_x_0x10000041b,-848,False
func_x_0x10000338f,774,True
func_x_0x10000394c,-611,True
func_x_0x100003981,-461,True
func_x_0x100003a46,569,False
func_x_0x100003a4e,-143,True
func_x_0x100003b20,-716,True
func_x_0x100003c18,-708,False
func_x_0x100003c50,-137,False
func_x_0x100003c52,627,True
func_x_0x100003d0d,-206,False
func_x_0x100003d2e,692,False
func_x_0x100003d4b,-316,False
func_x_0x100003d59,873,False
func_x_0x100003d8b,-133,False
func_x_0x100003d8e,494,False
func_x_0x100003eb9,711,False
func_x_0x100003edf,-500,False
func_x_0x1000042a0,862,False
func_x_0x100004576,-59,False
func_x_0x100004a5b,673,True
func_x_0x100004bc0,-167,True
func_x_0x100004c08,-481,True
func_x_0x100004c93,929,False
func_x_0x100004c9b,196,False
func_x_0x100004cc2,660,False
func_x_0x100004cc6,1144,True
func_x_0x100004cca,767,False
func_x_0x100004cf0,86,False
func_x_0x100004cf5,-343,False
func_x_0x100004de5,368,False
func_x_0x1000057e2,-288,True
func_x_0x100005bca,242,True
func_x_0x1000060ca,1127,False
func_x_0x1000060cc,152,False
func_x_0x1000068bb,1038,True
func_x_0x100006941,1090,False
func_x_0x1000069f9,824,True
func_x_0x100006a44,-714,False
func_x_0x100007398,-178,False
func_x_0x1000074f1,431,True
func_x_0x100007504,777,False
func_x_0x100007524,282,False
func_x_0x100007573,381,False
func_x_0x1000076ca,1002,False
func_x_0x1000077de,1049,False
func_x_0x1000079dd,948,True
func_x_0x100007b6d,644,True
func_x_0x100007b90,-744,False
func_x_0x100007c67,1050,True
func_x_0x100007e88,143,False
func_x_0x1000081fa,-19,False
func_x_0x1000084b7,795,False
func_x_0x100008535,-316,True
func_x_0x10000890c,212,False
func_x_0x100008996,-85,True
func_x_0x1000089ce,372,False
func_x_0x100008a51,-759,True
func_x_0x100008b50,822,True
func_x_0x100008b6f,-491,True
func_x_0x100008c6d,-731,True
func_x_0x100008c99,-145,True
func_x_0x100008cdd,344,True
func_x_0x100009065,736,False
func_x_0x10000907d,1147,True
func_x_0x1000090ae,141,True
func_x_0x1000094c1,-348,True
func_x_0x1000094d2,-177,False
func_x_0x100009622,436,True
func_x_0x10000984c,849,True
func_x_0x1000098cb,-487,True
func_x_0x1000099b8,961,False
func_x_0x100009ab3,-605,False
func_x_0x100009ae3,-561,True
func_x_0x100009b9c,1074,True
func_x_0x100009bce,693,False
func_x_0x100009da4,18,True
func_x_0x100009dab,717,False
func_x_0x100009dd0,994,False
func_x_0x100009dee,151,True
func_x_0x100009df4,188,True
func_x_0x100009df7,360,True
func_x_0x100009e06,580,True
func_x_0x100009ef2,472,True
func_x_0x100009f05,-558,False
func_x_0x100009fc3,759,False
func_x_0x10000a029,161,True
func_x_0x10000a125,1103,False
func_x_0x10000a235,819,True
func_x_0x10000a23e,-756,False
func_x_0x10000a243,1144,True
func_x_0x10000a250,994,True
func_x_0x10000a438,1014,False
func_x_0x10000a497,981,False
func_x_0x10000aac5,256,False
func_x_0x10000acb2,-278,False
func_x_0x10000acc5,461,True
func_x_0x10000b479,218,False
func_x_0x10000b53a,-220,False
func_x_0x10000b5b6,571,True
func_x_0x10000b7d8,-321,False
func_x_0x10000b813,1076,False
func_x_0x10000bb00,59,False
func_x_0x10000c259,911,True
func_x_0x10000c4fb,329,False
func_x_0x10000c6e4,1047,True
func_x_0x10000c6e8,-756,False
func_xe_0x100003e87,1091,True
func_xe_0x100003e8b,-479,False
func_xe_0x100003e93,-547,False
func_xe_0x100004476,-496,True
func_xe_0x10000447d,-844,False
func_xe_0x1000044a7,-33,True
func_xe_0x1000044e4,978,True
func_xe_0x100005798,123,False
func_xe_0x10000579e,-117,True
func_xe_0x1000057a4,-810,True
func_xe_0x1000057a6,335,False
func_xe_0x1000057b6,652,True
func_xe_0x1000057d5,125,True
func_xe_0x10000586d,-361,False
func_xe_0x100005b0d,136,True
func_xe_0x100005b1f,-692,False
func_xe_0x100005b23,-768,True
func_xe_0x100005b2d,169,True
func_xe_0x100005ca8,647,False
func_xe_0x100005ce9,957,False
func_xe_0x100005d8a,151,True
func_xe_0x100005dab,988,False
func_xe_0x100005e3a,-492,False
func_xe_0x100006106,153,False
func_xe_0x10000611d,587,True
func_xe_0x100006123,1148,False
func_xe_0x100006127,-303,True
func_xe_0x100006184,-408,False
func_xe_0x100006188,-177,True
func_xe_0x100006351,788,True
func_xe_0x10000697f,-739,True
func_xe_0x100006981,-49,True
func_xe_0x100006ae0,700,False
func_xe_0x100006b08,47,False
func_xe_0x100006b0c,47,True
func_xe_0x100006b0e,-234,False
func_xe_0x100006b1a,1005,True
func_xe_0x100006b1c,-557,False
func_xe_0x100006b1e,-52,False
func_xe_0x100006b20,840,False
func_xe_0x100006b22,785,False
func_xe_0x100006b24,546,True
func_xe_0x100006b26,-71,True
func_xe_0x100006b2a,795,True
func_xe_0x100007f82,580,True
func_xe_0x10000807d,-666,False
func_xe_0x1000097e1,38,True
func_xe_0x1000097f3,304,False
func_xe_0x1000097f5,108,True
func_xe_0x1000097fd,533,True
func_xe_0x1000097ff,1007,False
func_xe_0x100009803,1073,True
func_xe_0x10000980b,-279,False
func_xe_0x10000980d,-176,False
func_xe_0x10000980f,992,False
func_xe_0x100009bef,927,False
func_xe_0x100009c30,1077,True
func_xe_0x100009c32,579,True
func_xe_0x100009c7e,-491,False
func_xe_0x100009c86,-718,False
func_xe_0x10000a09c,1022,False
func_xe_0x10000a181,220,True
func_xe_0x10000a187,13,True
func_xe_0x10000a192,257,True
func_xe_0x10000a1ad,-761,False
func_xe_0x10000a6c8,-482,True
func_xe_0x10000a6ce,753,True
func_xe_0x10000a6d4,1112,False
func_xe_0x10000abb5,321,True
func_xe_0x10000abb7,-765,True
func_xe_0x10000b867,-240,True
func_xe_0x10000b87f,170,False
func_xe_0x10000c607,89,False
func_xe_0x10000c609,-535,False
func_xe_0x10000c619,-816,True
func_xe_0x10000c699,465,False
func_xn_0x1000007ec,173,False
func_xn_0x10000a54d,-60,False
func_xn_0x10000a551,-681,False
func_xn_0x10000a553,-232,True
func_xn_0x10000c02d,-390,True
func_xn_0x10000c02f,-98,False
func_xr_0x100007fdc,-102,False
func_xr_0x10000ad5d,-204,False
func_xr_0x10000ad91,-389,False
func_xr_0x10000afc5,359,True
func_xr_0x10000b09f,747,False
func_xr_0x10000b0a4,-353,True
func_xr_0x10000b0b2,-372,False
func_xr_0x10000b0da,-287,False
func_xr_0x10000b0e0,-508,False
func_xr_0x10000b0e4,-127,True
func_xr_0x10000b0f1,-456,False
func_xr_0x10000b0f6,-650,False
func_xr_0x10000b0fc,-714,False
func_xr_0x10000b106,741,False
func_xr_0x10000b11a,197,False
func_xr_0x10000b12d,472,False
func_xr_0x10000b139,347,False
func_xr_0x10000b13f,121,True
func_xr_0x10000b151,-367,False
func_xr_0x10000b153,-772,True
func_xt_0x10000856d,812,False
func_xt_0x100008571,784,False
func_xt_0x100008651,888,False
func_xt_0x10000865b,763,True
func_xt_0x10000865d,639,False
func_xt_0x10000869a,966,True
func_xt_0x10000869f,190,False
func_xt_0x1000086a1,304,True
func_xt_0x1000086a3,-192,True
func_xt_0x1000086ab,862,True
func_xt_0x1000086ad,1086,False
func_xt_0x1000086b3,-384,False
func_xt_0x1000086bf,7,False
func_xt_0x1000086cb,518,False
func_xt_0x100008705,874,False
func_xt_0x100008709,568,False
func_xt_0x10000870d,-600,True
func_xt_0x100008713,-209,False
func_xt_0x100008717,-54,True
func_xt_0x100008719,317,True
func_xt_0x10000871d,661,False
func_xt_0x10000871f,-328,True
func_xt_0x100008721,240,False
func_xt_0x100008731,-723,False
func_xt_0x100008733,201,False
func_xt_0x100008735,1060,False
func_xt_0x10000873d,-421,True
func_xt_0x100008745,775,False
func_xt_0x100008756,437,True
func_xt_0x100008787,-323,True
func_xt_0x100008789,604,True
func_xt_0x10000878b,810,True
func_xt_0x100008790,2,False
func_xt_0x1000087a1,738,False
func_xt_0x1000087a7,-421,False
func_xt_0x1000087a9,633,True
func_xt_0x1000087b7,-762,False
func_xt_0x10000881d,-538,False
func_xt_0x10000881f,199,False
func_xt_0x100008821,-96,True
func_xt_0x100008823,-259,False
func_xt_0x100008842,125,False
func_xt_0x100008844,-461,True
func_xt_0x100008848,-716,True
func_xt_0x10000884f,216,False
func_xt_0x10000885e,-517,True
func_xt_0x100008860,764,True
func_xt_0x100008873,1093,False
func_xt_0x10000889d,464,False
func_xt_0x1000088b4,-584,False
func_xt_0x1000088b9,-206,True
func_xt_0x1000088bd,423,True
func_xu_0x100005301,223,True
func_xu_0x100005308,950,False
func_xu_0x10000531e,979,False
func_xu_0x1000054a5,-217,True
func_xu_0x1000054ac,75,True
func_xu_0x1000054b0,-813,True
func_xu_0x1000054de,1105,False
func_xu_0x10000556e,901,True
func_xu_0x100005598,541,True
func_xu_0x1000055aa,106,False
func_y_0x10000011b,775,True
func_y_0x100000125,292,True
func_y_0x10000013c,584,True
func_y_0x100000140,-10,True
func_y_0x100000142,201,False
func_y_0x100000146,-666,True
func_y_0x1000001c0,234,True
func_y_0x100000286,566,False
func_y_0x100000291,-666,False
func_y_0x10000029a,516,False
func_y_0x10000333d,-37,True
func_y_0x1000037ba,39,True
func_y_0x1000037c4,574,False
func_y_0x100003960,-49,True
func_y_0x1000039cb,144,False
func_y_0x100003a73,335,True
func_y_0x100003afd,798,True
func_y_0x100003b43,-159,False
func_y_0x100004002,813,True
func_y_0x1000041ff,-438,False
func_y_0x100004203,-828,False
func_y_0x100004208,405,True
func_y_0x100004371,-710,True
func_y_0x100004382,239,True
func_y_0x10000439f,397,False
func_y_0x100004b5f,-427,True
func_y_0x100004b88,-471,False
func_y_0x100004c5d,885,True
func_y_0x100004c5f,68,True
func_y_0x100005191,-73,True
func_y_0x100005990,313,True
func_y_0x100005d13,-75,True
func_y_0x100005eea,245,False
func_y_0x100005eef,-556,False
func_y_0x100006084,757,False
func_y_0x10000618f,482,False
func_y_0x10000646b,-509,False
func_y_0x10000646d,-239,True
func_y_0x1000064af,168,False
func_y_0x10000652f,-376,True
func_y_0x1000065a5,-138,False
func_y_0x1000068af,34,True
func_y_0x100006b37,744,False
func_y_0x10000723e,-373,True
func_y_0x10000741e,614,False
func_y_0x1000074c4,-362,False
func_y_0x1000074f6,78,True
func_y_0x1000075b2,-264,False
func_y_0x100007713,488,True
func_y_0x1000079ba,-476,True
func_y_0x100007d45,-759,False
func_y_0x100007d48,134,True
func_y_0x100007d75,1119,False
func_y_0x100007d77,927,True
func_y_0x100007d91,115,True
func_y_0x10000824d,129,False
func_y_0x1000084d0,-217,False
func_y_0x1000084df,403,True
func_y_0x100008500,-692,True
func_y_0x10000851e,-405,True
func_y_0x100008523,805,True
func_y_0x10000895d,298,False
func_y_0x100008b2d,-215,True
func_y_0x100008b2f,504,True
func_y_0x100008b31,340,True
func_y_0x100008b3b,344,True
func_y_0x100008b41,-522,False
func_y_0x100008c21,128,True
func_y_0x100009080,459,True
func_y_0x100009167,176,True
func_y_0x100009169,-697,False
func_y_0x10000916b,489,True
func_y_0x100009237,421,True
func_y_0x10000963e,414,True
func_y_0x10000964b,-489,False
func_y_0x10000964d,-11,False
func_y_0x10000964f,200,True
func_y_0x100009653,1019,False
func_y_0x1000098f7,458,True
func_y_0x100009a3a,-239,False
func_y_0x100009a40,-757,True
func_y_0x100009a42,-587,True
func_y_0x100009aaa,-660,False
func_y_0x100009e32,-2,False
func_y_0x100009f32,-272,True
func_y_0x100009ff4,-162,True
func_y_0x100009ff6,-657,False
func_y_0x10000a444,-10,True
func_y_0x10000a4a7,1112,True
func_y_0x10000a71b,-644,True
func_y_0x10000a738,1034,True
func_y_0x10000aee3,940,True
func_y_0x10000bb38,525,False
func_y_0x10000be38,858,True
func_y_0x10000be3a,50,False
func_y_0x10000be40,-350,True
func_y_0x10000be42,203,False
func_y_0x10000be46,-655,True
func_y_0x10000c4e2,691,True
func_y_0x10000c4ee,-2,False
func_y_0x10000c4f0,39,False
func_ya_0x1000083ac,-365,False
func_ya_0x100008454,974,False
func_ya_0x100008456,978,True
func_ye_0x100003852,-302,False
func_ye_0x100003928,1035,True
func_ye_0x100003e9a,-548,False
func_ye_0x100003ea4,-257,True
func_ye_0x100004342,-265,True
func_ye_0x10000444c,762,True
func_ye_0x100004450,45,True
func_ye_0x100004454,413,False
func_ye_0x10000580b,835,False
func_ye_0x100005899,829,False
func_ye_0x10000589b,-392,True
func_ye_0x100005e4a,-675,False
func_ye_0x1000062af,-387,True
func_ye_0x100006482,-126,False
func_ye_0x100006f0d,484,False
func_ye_0x1000070a1,852,False
func_ye_0x100007957,796,True
func_ye_0x100007976,-703,True
func_ye_0x1000079eb,-26,True
func_ye_0x1000079fc,422,False
func_ye_0x100007a1b,-515,False
func_ye_0x100007a1d,-754,True
func_ye_0x100007a26,1047,True
func_ye_0x100009767,350,False
func_ye_0x100009a77,667,True
func_ye_0x10000ab8b,822,True
func_ye_0x10000ab8d,149,False
func_ye_0x10000ab95,630,False
func_ye_0x10000ab97,763,False
func_ye_0x10000ab99,-571,True
func_ye_0x10000b3f9,-447,True
func_ye_0x10000b4ee,-436,False
func_ye_0x10000b66d,916,False
func_ye_0x10000b66f,751,False
func_ye_0x10000b710,-363,False
func_ye_0x10000b712,-740,False
func_ye_0x10000bdeb,-827,True
func_ye_0x10000c386,601,False
func_ye_0x10000c388,-289,True
func_ye_0x10000c44a,997,False
func_ye_0x10000c45b,-697,False
func_ye_0x10000c67a,-58,False
func_ye_0x10000c6ce,366,True
func_ye_0x10000c6d0,160,False
func_ye_0x10000c6d4,638,False
func_yn_0x1000067cd,1074,False
func_yn_0x100007fb8,4,True
func_yn_0x10000c22c,1147,True
func_yr_0x10000857f,1031,True
func_yr_0x100008647,758,False
func_yr_0x100008659,-564,False
func_yr_0x10000869c,-843,True
func_yr_0x1000086bd,911,False
func_yr_0x1000086c1,-273,True
func_yr_0x1000086c3,246,False
func_yr_0x1000086c5,1003,True
func_yr_0x1000086c7,709,True
func_yr_0x1000086c9,-592,False
func_yr_0x100008707,745,False
func_yr_0x10000870b,-553,False
func_yr_0x10000872a,119,False
func_yr_0x100008737,1052,True
func_yr_0x100008752,927,True
func_yr_0x100008758,561,True
func_yr_0x100008785,16,True
func_yr_0x1000087b0,-450,False
func_yr_0x1000087bc,0,True
func_yr_0x1000087da,-63,False
func_yr_0x1000087fd,-716,False
func_yr_0x100008864,954,False
func_yr_0x100008866,-481,False
func_yt_0x100008584,444,True
func_yu_0x100006ecb,27,False
func_yu_0x10000839c,-566,False
func_yu_0x1000083c0,193,False
func_yu_0x100008406,6,True
func_yu_0x10000840a,435,True
func_z_0x1000001e7,38,False
func_z_0x10000333f,1096,False
func_z_0x1000033c1,682,True
func_z_0x10000353e,-522,True
func_z_0x100003564,-422,False
func_z_0x100003b8d,-475,False
func_z_0x100003b8f,487,False
func_z_0x100003bd9,-602,True
func_z_0x100003bdd,930,True
func_z_0x100003beb,-330,False
func_z_0x1000040ea,1007,False
func_z_0x1000041e7,-403,False
func_z_0x100004269,632,False
func_z_0x100004ab4,522,True
func_z_0x100004ab6,290,False
func_z_0x100004aba,860,False
func_z_0x100004abc,-844,True
func_z_0x100004abe,460,False
func_z_0x100004ac0,-9,False
func_z_0x100005729,-675,False
func_z_0x10000574e,30,False
func_z_0x100005807,82,False
func_z_0x10000594c,-436,True
func_z_0x100005952,-699,True
func_z_0x100005970,1133,False
func_z_0x100005bfb,1125,True
func_z_0x100005ea4,-695,False
func_z_0x100005eb2,-741,True
func_z_0x100005eb4,695,False
func_z_0x100005eb7,-737,False
func_z_0x100005eba,889,False
func_z_0x100005ec0,559,True
func_z_0x1000064ee,-93,False
func_z_0x10000681b,803,False
func_z_0x100006a5c,251,True
func_z_0x100006d95,-729,True
func_z_0x100006f60,-382,False
func_z_0x100006fb2,-805,False
func_z_0x10000704c,31,False
func_z_0x1000071be,465,False
func_z_0x100007223,-77,False
func_z_0x100007225,944,False
func_z_0x1000073ec,-643,False
func_z_0x100007b14,962,False
func_z_0x100007b16,491,False
func_z_0x100007b1e,-76,False
func_z_0x100007b31,368,True
func_z_0x100007dec,80,True
func_z_0x100007df2,158,False
func_z_0x100007e65,445,False
func_z_0x100008233,888,False
func_z_0x100008235,194,False
func_z_0x10000825f,181,True
func_z_0x100008289,487,False
func_z_0x10000828b,1034,True
func_z_0x100008c79,78,True
func_z_0x100008c87,376,True
func_z_0x100008c91,76,False
func_z_0x100008dc0,579,True
func_z_0x100008dfb,867,False
func_z_0x100008e01,742,False
func_z_0x100008e03,848,True
func_z_0x100008e07,-510,False
func_z_0x100008e0a,404,False
func_z_0x100008e10,163,False
func_z_0x100008e2a,-838,True
func_z_0x100008e34,-650,False
func_z_0x100008e66,-276,False
func_z_0x100008e70,455,True
func_z_0x1000092da,-343,True
func_z_0x100009465,705,False
func_z_0x10000947a,36,False
func_z_0x10000959c,98,False
func_z_0x100009963,-725,True
func_z_0x1000099cc,714,False
func_z_0x1000099e9,-320,False
func_z_0x100009f49,-59,True
func_z_0x10000a227,572,True
func_z_0x10000a3d1,659,True
func_z_0x10000a879,813,False
func_z_0x10000a87d,471,False
func_z_0x10000a87f,-605,False
func_z_0x10000a885,-732,False
func_z_0x10000a887,-294,False
func_z_0x10000aa59,1101,False
func_z_0x10000aa73,637,False
func_z_0x10000ac95,1029,True
func_z_0x10000ae7f,684,True
func_z_0x10000af3f,598,False
func_z_0x10000b19e,-663,False
func_z_0x10000b365,849,True
func_z_0x10000b367,-179,True
func_z_0x10000b369,1019,True
func_z_0x10000b36c,-824,True
func_z_0x10000b3a1,-233,True
func_z_0x10000b3a7,1070,False
func_z_0x10000b3a9,304,True
func_z_0x10000b3ad,-529,False
func_z_0x10000b48d,651,True
func_z_0x10000bf08,-277,True
func_z_0x10000c283,48,True
func_z_0x10000c50f,694,True
func_ze_0x100004479,604,False
func_ze_0x1000044a4,-787,True
func_ze_0x1000044ca,-524,True
func_ze_0x1000044f9,459,False
func_ze_0x1000057bb,1141,True
func_ze_0x100005e3c,-548,False
func_ze_0x100005e56,270,True
func_ze_0x100005e62,624,True
func_ze_0x10000621a,709,True
func_ze_0x100006c72,-649,True
func_ze_0x100006cc6,650,False
func_ze_0x100007856,58,False
func_ze_0x100007858,-590,False
func_ze_0x10000785a,210,True
func_ze_0x100007860,-206,False
func_ze_0x100007868,-620,True
func_ze_0x100007872,1001,False
func_ze_0x10000787e,212,True
func_ze_0x100007884,-656,True
func_ze_0x1000078c3,-309,False
func_ze_0x100007f80,790,False
func_ze_0x100008089,-80,True
func_ze_0x100009bed,105,False
func_ze_0x10000a0a5,716,False
func_ze_0x10000a18a,-235,True
func_ze_0x10000a193,924,True
func_ze_0x10000a195,872,False
func_ze_0x10000a199,-586,False
func_ze_0x10000a6ee,-579,True
func_ze_0x10000b84b,-851,False
func_ze_0x10000b857,-346,True
func_ze_0x10000b85d,-755,False
func_ze_0x10000be08,-384,True
func_ze_0x10000c2e3,772,False
func_zi_0x100006ec9,-168,True
func_zi_0x100007fc3,952,True
func_zi_0x100007fc7,279,False
func_zi_0x100007fc9,614,True
func_zi_0x100008447,565,False
func_zr_0x1000059df,-501,False
func_zr_0x1000065d1,1057,False
func_zr_0x1000065d5,789,False
func_zr_0x1000065d7,382,False
func_zr_0x1000065db,-75,False
func_zr_0x10000660e,-465,False
func_zr_0x10000667d,352,False
func_zr_0x100006681,-242,True
func_zr_0x100006690,593,False
func_zr_0x100006694,13,True
func_zr_0x100006696,-655,False
func_zr_0x1000066a5,241,False
func_zr_0x1000066a7,681,True
func_zr_0x1000067a2,801,False
func_zr_0x1000067a4,799,True
func_zr_0x100007113,-833,True
func_zr_0x10000aa36,-715,True
func_zr_0x10000c220,267,True
func_zr_0x10000c224,532,False
func_zt_0x100007fc0,1105,True
func_zt_0x10000ad47,631,False
func_zt_0x10000adeb,1034,True
func_zt_0x10000b097,-459,True
func_zt_0x10000b0a1,-405,False
func_zt_0x10000b0a8,-246,True
func_zt_0x10000b0ba,599,True
func_zt_0x10000b0ca,-294,False
func_zt_0x10000b0d0,402,False
func_zt_0x10000b0dc,-301,True
func_zt_0x10000b0e6,800,True
func_zt_0x10000b0ec,415,True
func_zt_0x10000b104,-160,True
func_zt_0x10000b10a,700,False
func_zt_0x10000b10e,-450,True
func_zt_0x10000b122,-852,False
func_zt_0x10000b128,606,False
func_zt_0x10000b12f,796,False
func_zt_0x10000b135,-578,False
func_zt_0x10000b13b,466,True
func_zt_0x10000b14d,-568,True
func_zu_0x100006db5,88,True
func_zu_0x1000083c1,224,False
func_zu_0x1000083d0,-408,True
func_zu_0x1000083ee,-383,False
